1.08692
1.08692
1.08706
1.08705
1.08703
1.08705
1.08702
1.08702
1.08702
1.08701
1.08705
1.08703
1.08705
1.08702
1.08713
1.08707
1.08707
1.08714
1.08698
1.08698
1.08698
1.08703
1.08688
1.08688
1.08688
1.08692
1.08652
1.08664
1.08664
1.08663
1.08664
1.08664
1.08664
1.08664
1.08656
1.0866
1.0866
1.0866
1.08657
1.08658
1.08658
1.08657
1.08664
1.08662
1.08662
1.0867
1.0866
1.0866
1.0866
1.0866
1.08663
1.08662
1.08662
1.08662
1.08659
1.08659
1.08659
1.08659
1.08655
1.08655
1.08655
1.08655
1.08661
1.08661
1.08661
1.08661
1.08692
1.08692
1.08692
1.08692
1.08697
1.08693
1.08693
1.08693
1.08671
1.08684
1.08684
1.08694
1.08651
1.08653
1.08655
1.08652
1.08667
1.08667
1.08664
1.08664
1.08667
1.08664
1.08664
1.08664
1.08664
1.08661
1.08664
1.08664
1.08664
1.08664
1.08678
1.08678
1.08678
1.08679
1.08669
1.08669
1.08669
1.08669
1.08695
1.08677
1.08676
1.08683
1.08672
1.08676
1.08676
1.08678
1.08671
1.08674
1.08672
1.08672
1.08676
1.08676
1.08674
1.08673
1.08682
1.08682
1.08683
1.08683
1.08678
1.08679
1.08677
1.08679
1.08668
1.08669
1.08669
1.08671
1.08668
1.08668
1.08668
1.08673
1.08664
1.08664
1.08666
1.08667
1.08662
1.08664
1.08664
1.08663
1.08665
1.08665
1.08664
1.08663
1.08667
1.08665
1.08665
1.08663
1.08668
1.08666
1.08671
1.08664
1.08678
1.08675
1.08675
1.08685
1.08661
1.08668
1.0867
1.08665
1.08675
1.08675
1.08675
1.08677
1.08671
1.08673
1.08673
1.08673
1.0866
1.08665
1.08665
1.08665
1.08661
1.08661
1.08661
1.08658
1.08663
1.08663
1.08663
1.08663
1.08663
1.08665
1.08665
1.08665
1.08665
1.08665
1.08665
1.08665
1.08665
1.08665
1.0866
1.08661
1.08662
1.08662
1.0862
1.08643
1.08638
1.08634
1.08653
1.08638
1.08636
1.0863
1.08648
1.08638
1.08638
1.08642
1.08576
1.0858
1.08578
1.08579
1.0851
1.08541
1.0854
1.0854
1.08555
1.08555
1.08557
1.08557
1.08566
1.08564
1.08564
1.08565
1.08551
1.08555
1.08555
1.08559
1.08554
1.08554
1.08554
1.08556
1.08544
1.08547
1.08544
1.08548
1.08539
1.08541
1.08543
1.08543
1.0857
1.0857
1.0857
1.0857
1.08565
1.08565
1.08565
1.08563
1.08568
1.08567
1.08568
1.08567
1.08581
1.08573
1.08573
1.08573
1.08572
1.08572
1.08572
1.08572
1.08573
1.08573
1.08573
1.08572
1.08593
1.08591
1.08591
1.08591
1.08568
1.0857
1.08569
1.08568
1.08578
1.08569
1.08569
1.0857
1.08548
1.08549
1.08549
1.08549
1.08538
1.08539
1.08539
1.08537
1.08547
1.0854
1.0854
1.0854
1.0854
1.08486
1.08486
1.08486
1.08486
1.0852
1.08486
1.08486
1.08486
1.08452
1.0848
1.0848
1.0848
1.08499
1.08485
1.08485
1.08491
1.08482
1.08483
1.08483
1.08483
1.08487
1.08486
1.08486
1.08541
1.08472
1.08472
1.08472
1.08479
1.08451
1.08462
1.08462
1.08459
1.08482
1.08479
1.08479
1.08479
1.08484
1.08483
1.08483
1.08482
1.08487
1.08486
1.08486
1.08484
1.08502
1.08501
1.08501
1.08501
1.08498
1.08499
1.08499
1.08499
1.08503
1.08501
1.08501
1.08501
1.08511
1.0851
1.08509
1.08509
1.08513
1.08512
1.08512
1.08512
1.08519
1.08519
1.08519
1.08513
1.08522
1.08522
1.08522
1.08522
1.08527
1.08523
1.08523
1.08525
1.0852
1.08522
1.08523
1.08524
1.08522
1.08522
1.08522
1.0852
1.08535
1.08534
1.08533
1.08533
1.08537
1.08535
1.08535
1.08534
1.08547
1.08543
1.08543
1.08547
1.08532
1.08533
1.08533
1.08533
1.0852
1.0852
1.0852
1.08525
1.08517
1.08517
1.08517
1.08516
1.0854
1.08538
1.08538
1.08539
1.08526
1.08529
1.08529
1.0853
1.08523
1.08524
1.08524
1.08525
1.08516
1.08521
1.08521
1.08521
1.08523
1.08522
1.08522
1.08522
1.08515
1.08519
1.08519
1.08515
1.08523
1.0852
1.08522
1.08524
1.08518
1.0852
1.0852
1.08522
1.08517
1.08518
1.08517
1.08515
1.08563
1.08561
1.08562
1.08576
1.08546
1.08546
1.08546
1.08543
1.08554
1.08553
1.08553
1.08553
1.08554
1.08554
1.08554
1.08554
1.0855
1.0855
1.0855
1.08545
1.08564
1.08562
1.08562
1.08562
1.08574
1.08564
1.08564
1.08573
1.08561
1.08562
1.08562
1.08562
1.08571
1.08564
1.08564
1.08564
1.0855
1.0855
1.0855
1.0855
1.08567
1.08564
1.08564
1.08564
1.08554
1.08554
1.08554
1.08554
1.08546
1.08551
1.08551
1.08551
1.08552
1.08551
1.08551
1.08551
1.08552
1.08551
1.08551
1.0855
1.08563
1.08563
1.08563
1.08563
1.08531
1.08531
1.0853
1.0853
1.08508
1.08509
1.08509
1.08509
1.08531
1.08521
1.08521
1.08524
1.0851
1.0851
1.0851
1.08511
1.08501
1.08504
1.08505
1.08507
1.085
1.08501
1.08501
1.08501
1.08503
1.08503
1.08503
1.085
1.08516
1.08513
1.08513
1.08514
1.08513
1.08513
1.08513
1.08514
1.08513
1.08513
1.08513
1.08513
1.08502
1.08502
1.08502
1.08501
1.08509
1.08506
1.08506
1.08507
1.08494
1.085
1.085
1.08509
1.0848
1.08483
1.0848
1.08493
1.08456
1.08474
1.08474
1.0847
1.08486
1.08478
1.08478
1.08478
1.08496
1.08494
1.08494
1.08493
1.08513
1.08513
1.08513
1.08537
1.08511
1.08512
1.08512
1.08522
1.08498
1.08501
1.08501
1.08502
1.08482
1.08487
1.08486
1.08486
1.08476
1.08482
1.08482
1.08482
1.08472
1.0848
1.08479
1.08484
1.08472
1.08473
1.08473
1.08478
1.08456
1.08456
1.08456
1.08471
1.08451
1.08453
1.08453
1.08455
1.08451
1.08452
1.08452
1.08452
1.08435
1.08438
1.08438
1.08435
1.08443
1.08443
1.08443
1.08443
1.08431
1.0844
1.08441
1.08441
1.08462
1.0845
1.0845
1.08448
1.08457
1.08454
1.08454
1.08454
1.08438
1.08441
1.08441
1.08441
1.08453
1.08446
1.08446
1.08441
1.08454
1.08449
1.08449
1.08449
1.08437
1.08444
1.08444
1.08446
1.08436
1.08443
1.08443
1.08447
1.08435
1.08439
1.08439
1.08432
1.08447
1.08447
1.08449
1.08454
1.08442
1.08442
1.08442
1.08441
1.08445
1.08445
1.08445
1.08445
1.08461
1.08452
1.08452
1.08454
1.08442
1.08442
1.08442
1.08442
1.08451
1.0845
1.0845
1.08449
1.08462
1.08462
1.08464
1.08464
1.08452
1.08453
1.08453
1.08462
1.08441
1.08441
1.08441
1.08445
1.08421
1.0843
1.0843
1.08433
1.08422
1.08424
1.08427
1.08427
1.08383
1.08402
1.08402
1.08402
1.08371
1.08372
1.08372
1.08366
1.08397
1.08394
1.08394
1.08415
1.08384
1.08393
1.08393
1.08385
1.08405
1.08393
1.08393
1.08391
1.08402
1.08399
1.08399
1.08404
1.08384
1.08388
1.08388
1.08391
1.08382
1.08387
1.08387
1.0839
1.08376
1.08376
1.08376
1.08376
1.0833
1.08344
1.08344
1.08355
1.0832
1.08332
1.08332
1.08342
1.0832
1.08324
1.08327
1.08332
1.08318
1.08318
1.08318
1.08324
1.08308
1.08308
1.08302
1.08311
1.0827
1.08277
1.08277
1.08277
1.08312
1.0831
1.08309
1.0831
1.08278
1.08295
1.08295
1.08292
1.08311
1.0831
1.0831
1.08305
1.08321
1.0832
1.0832
1.08317
1.08323
1.08322
1.08322
1.0832
1.08336
1.08333
1.08333
1.08333
1.08358
1.08357
1.08359
1.0836
1.08341
1.08344
1.08344
1.08342
1.08362
1.08357
1.08357
1.08357
1.08366
1.08365
1.08365
1.08361
1.08396
1.08382
1.08382
1.08381
1.08398
1.08396
1.08396
1.08398
1.08389
1.08391
1.08391
1.08394
1.08374
1.08374
1.08373
1.08373
1.08395
1.08395
1.08394
1.08394
1.08415
1.08414
1.08414
1.08415
1.08409
1.08413
1.08415
1.08411
1.08419
1.08418
1.08417
1.08418
1.08403
1.08403
1.08403
1.08403
1.08428
1.08428
1.08428
1.08436
1.08422
1.08424
1.08424
1.08401
1.08451
1.08445
1.08442
1.08442
1.08452
1.08444
1.08444
1.08444
1.08443
1.08443
1.08443
1.08443
1.08418
1.0842
1.0842
1.0842
1.08454
1.08423
1.08423
1.08414
1.08428
1.08428
1.08427
1.08415
1.08451
1.08447
1.08447
1.08446
1.08496
1.08484
1.08485
1.08473
1.08495
1.08494
1.08494
1.08506
1.08481
1.0849
1.0849
1.08485
1.08512
1.08496
1.08499
1.08499
1.08535
1.08532
1.08532
1.08532
1.08574
1.08554
1.08552
1.08551
1.08566
1.08564
1.08565
1.08564
1.08574
1.08568
1.08567
1.08575
1.08564
1.08564
1.08564
1.08564
1.08605
1.08601
1.08598
1.08593
1.08616
1.08604
1.08608
1.08608
1.0858
1.08598
1.08595
1.08595
1.08644
1.08643
1.08642
1.0863
1.08691
1.0866
1.08662
1.08663
1.08641
1.08641
1.08641
1.0864
1.08665
1.08647
1.08643
1.08643
1.08612
1.08621
1.08621
1.08615
1.08663
1.0865
1.08652
1.08657
1.08611
1.08615
1.08615
1.08624
1.08606
1.08607
1.08608
1.08595
1.08616
1.0861
1.08611
1.08611
1.08632
1.08615
1.08615
1.08615
1.08634
1.08631
1.08631
1.08631
1.08615
1.08623
1.08623
1.08624
1.08589
1.0859
1.0859
1.08588
1.08607
1.08604
1.08604
1.08604
1.08641
1.08633
1.08633
1.08642
1.08612
1.08619
1.08619
1.08619
1.08581
1.08596
1.08597
1.08596
1.08617
1.08601
1.08601
1.08601
1.08629
1.08625
1.08625
1.08627
1.08601
1.08601
1.08602
1.08602
1.08629
1.08606
1.08606
1.08605
1.08619
1.08617
1.08617
1.08628
1.08606
1.08615
1.08615
1.08605
1.0863
1.08625
1.08625
1.08625
1.08609
1.08614
1.08614
1.08616
1.08599
1.08599
1.08601
1.08598
1.08625
1.08614
1.08613
1.08602
1.08625
1.08623
1.08623
1.08623
1.08643
1.08634
1.08635
1.08634
1.08661
1.08658
1.08658
1.08672
1.08639
1.08641
1.08641
1.08638
1.08657
1.08644
1.08644
1.08654
1.08642
1.08643
1.08643
1.08644
1.08631
1.08636
1.08635
1.08634
1.08643
1.08638
1.08638
1.08638
1.08656
1.08656
1.08656
1.08652
1.08668
1.08667
1.08667
1.08667
1.08654
1.08661
1.08661
1.08653
1.08666
1.08662
1.08662
1.08666
1.08646
1.08662
1.08662
1.08655
1.08683
1.08675
1.08675
1.08668
1.08689
1.08686
1.08686
1.08686
1.0866
1.08661
1.08661
1.08652
1.08665
1.08665
1.08665
1.08655
1.0867
1.08666
1.08666
1.08669
1.08652
1.08657
1.08657
1.08657
1.08724
1.08715
1.08724
1.0872
1.08758
1.08736
1.08732
1.08733
1.08702
1.08704
1.08704
1.08721
1.08697
1.087
1.08698
1.08703
1.08684
1.08693
1.08693
1.08696
1.08677
1.08686
1.08686
1.08686
1.08652
1.08652
1.08652
1.08652
1.08704
1.08676
1.0867
1.08681
1.08661
1.08667
1.08667
1.08667
1.08692
1.0867
1.0867
1.08663
1.08683
1.08683
1.08684
1.08676
1.08689
1.08687
1.08687
1.08687
1.08748
1.08726
1.08726
1.08737
1.08716
1.08716
1.08716
1.08709
1.08728
1.08728
1.08728
1.08731
1.08721
1.08724
1.08724
1.08724
1.08715
1.08717
1.08717
1.08714
1.08718
1.08718
1.08718
1.08718
1.08712
1.08716
1.08714
1.08716
1.08699
1.08706
1.08706
1.08715
1.087
1.08702
1.08702
1.08711
1.08692
1.08694
1.08694
1.08691
1.08707
1.08707
1.08707
1.08707
1.08694
1.08704
1.08704
1.08704
1.08691
1.08697
1.08697
1.08691
1.08705
1.08704
1.08704
1.08704
1.08702
1.08704
1.08704
1.08704
1.08692
1.08693
1.08693
1.08695
1.08682
1.08685
1.08685
1.08685
1.08695
1.08695
1.08695
1.08695
1.08683
1.08688
1.08689
1.08687
1.087
1.087
1.087
1.08705
1.08694
1.08696
1.08696
1.08697
1.08684
1.08692
1.08692
1.08692
1.08684
1.08687
1.08687
1.08684
1.08705
1.08705
1.08704
1.08704
1.08708
1.08706
1.08706
1.08718
1.08701
1.08702
1.08702
1.08702
1.0869
1.08692
1.08692
1.08692
1.08707
1.08705
1.08705
1.08705
1.08696
1.08699
1.08699
1.08695
1.08706
1.08706
1.08706
1.08706
1.08694
1.08698
1.08698
1.08698
1.08685
1.08686
1.0869
1.08685
1.08714
1.08706
1.08705
1.08694
1.08706
1.08706
1.08706
1.08708
1.08697
1.08704
1.08704
1.08706
1.0869
1.08691
1.08691
1.08686
1.08695
1.08691
1.08691
1.08692
1.08685
1.08685
1.08685
1.08689
1.08669
1.08669
1.08669
1.08668
1.08682
1.08673
1.08673
1.08675
1.08668
1.08673
1.08673
1.08683
1.08669
1.08673
1.08674
1.08672
1.08684
1.08684
1.08684
1.08693
1.08683
1.08684
1.08684
1.0868
1.08693
1.08692
1.08692
1.08692
1.08704
1.08704
1.08704
1.08713
1.08692
1.08692
1.08692
1.08683
1.08696
1.08693
1.08693
1.08694
1.08682
1.08684
1.08684
1.08677
1.08694
1.08685
1.08685
1.08689
1.08685
1.08685
1.08685
1.08685
1.08688
1.08686
1.08686
1.08678
1.0869
1.08687
1.08687
1.08697
1.08686
1.08686
1.08687
1.08685
1.08713
1.08712
1.08713
1.08726
1.08706
1.08706
1.08706
1.08715
1.08701
1.08703
1.08703
1.08703
1.0872
1.08714
1.08714
1.08709
1.08727
1.08716
1.08716
1.0872
1.08715
1.08715
1.08715
1.08711
1.08716
1.08715
1.08715
1.08715
1.08708
1.08712
1.08713
1.08711
1.08726
1.08725
1.08725
1.08725
1.08718
1.08719
1.08719
1.08719
1.08704
1.08712
1.08712
1.08712
1.08702
1.08702
1.08702
1.08702
1.08704
1.08704
1.08704
1.08705
1.08695
1.08695
1.08695
1.08695
1.08705
1.08704
1.08704
1.0872
1.08702
1.08702
1.08702
1.08702
1.08715
1.08713
1.08713
1.08709
1.08714
1.08714
1.08714
1.08717
1.08704
1.08714
1.08714
1.08715
1.08708
1.08713
1.08713
1.08716
1.08712
1.08712
1.08712
1.08707
1.08715
1.08713
1.08713
1.08713
1.08705
1.08712
1.08712
1.08712
1.08725
1.08722
1.08722
1.08722
1.08752
1.08743
1.08743
1.08744
1.08737
1.08743
1.08743
1.08742
1.08775
1.08758
1.08758
1.08753
1.08773
1.08759
1.08759
1.08759
1.08751
1.08755
1.08754
1.08753
1.08768
1.08763
1.08763
1.08765
1.08748
1.08755
1.08755
1.08755
1.08744
1.08751
1.08751
1.08756
1.08733
1.08734
1.08734
1.08723
1.08764
1.08754
1.08753
1.08745
1.08777
1.08777
1.08777
1.08773
1.0879
1.08785
1.08785
1.08786
1.08773
1.08776
1.08776
1.08787
1.08762
1.0877
1.0877
1.08772
1.0874
1.08756
1.08755
1.08757
1.08749
1.08754
1.08754
1.08754
1.08776
1.08766
1.08766
1.08766
1.08777
1.08772
1.08772
1.0877
1.08777
1.08774
1.08774
1.08773
1.08802
1.08785
1.08785
1.08785
1.08773
1.08782
1.08781
1.08769
1.08792
1.08787
1.08787
1.08785
1.08806
1.08803
1.08803
1.08803
1.08833
1.08811
1.08811
1.088
1.08816
1.08812
1.08811
1.08811
1.08793
1.08794
1.08794
1.08811
1.08792
1.08793
1.08793
1.08794
1.08774
1.08774
1.08774
1.08765
1.08785
1.08783
1.08783
1.08783
1.08793
1.08793
1.08793
1.08794
1.08789
1.08793
1.08793
1.0879
1.08814
1.08799
1.08799
1.08791
1.08816
1.08814
1.08814
1.08815
1.08801
1.08805
1.08805
1.08814
1.08789
1.0879
1.08791
1.08796
1.08767
1.08776
1.08776
1.08775
1.08796
1.08787
1.08787
1.08796
1.08784
1.08784
1.08784
1.08784
1.0876
1.08774
1.08774
1.08784
1.08772
1.08773
1.08773
1.08764
1.08777
1.08774
1.08775
1.08775
1.08794
1.08783
1.08784
1.08781
1.08793
1.08785
1.08785
1.08782
1.08792
1.08792
1.08791
1.08791
1.08782
1.08782
1.08782
1.08783
1.08763
1.08765
1.08765
1.08763
1.08821
1.08821
1.08822
1.08822
1.08802
1.08804
1.08804
1.08804
1.0878
1.08795
1.08795
1.08795
1.08763
1.08763
1.08764
1.08773
1.0876
1.08763
1.08764
1.08767
1.08749
1.08749
1.08749
1.08737
1.08777
1.08777
1.08776
1.08776
1.08754
1.08755
1.08755
1.08755
1.08778
1.08775
1.08775
1.08775
1.08788
1.08785
1.08785
1.08776
1.08797
1.08793
1.08793
1.08796
1.08766
1.08766
1.08765
1.08765
1.08794
1.08783
1.08783
1.08778
1.08798
1.08798
1.08799
1.08807
1.08797
1.08799
1.08799
1.08801
1.08797
1.08797
1.08797
1.08796
1.08797
1.08797
1.08797
1.08794
1.08804
1.08797
1.08797
1.08794
1.08825
1.08813
1.08813
1.08813
1.08795
1.08795
1.08795
1.08802
1.08793
1.08794
1.08794
1.08793
1.08804
1.08803
1.08803
1.08804
1.088
1.08803
1.08803
1.08803
1.08834
1.08823
1.08823
1.08826
1.08805
1.0881
1.08811
1.08813
1.08803
1.08804
1.08803
1.08803
1.08816
1.08813
1.08813
1.08813
1.08824
1.08815
1.08815
1.08814
1.08834
1.08833
1.08833
1.08825
1.08845
1.08844
1.08845
1.08845
1.08915
1.08906
1.08906
1.08891
1.08926
1.08911
1.08911
1.08909
1.08952
1.08943
1.08943
1.08923
1.08953
1.08944
1.08944
1.08942
1.08966
1.08956
1.08956
1.08956
1.08925
1.08933
1.08932
1.0894
1.08903
1.08925
1.08925
1.08922
1.08966
1.08957
1.08957
1.08954
1.08994
1.08988
1.08988
1.08997
1.08977
1.08983
1.08984
1.08984
1.09006
1.08996
1.08996
1.09003
1.08966
1.08975
1.08975
1.08971
1.08997
1.08984
1.08983
1.08983
1.09046
1.09043
1.0904
1.09042
1.09015
1.09023
1.09023
1.09037
1.09014
1.09019
1.09019
1.09037
1.09015
1.09016
1.09015
1.09019
1.09
1.09006
1.09006
1.09017
1.08999
1.09003
1.09003
1.08997
1.09012
1.09003
1.09003
1.09002
1.09023
1.09006
1.09006
1.08997
1.09014
1.09013
1.09013
1.09017
1.08998
1.09006
1.09006
1.09013
1.08982
1.08991
1.08991
1.09002
1.08983
1.08983
1.08985
1.08985
1.09005
1.09003
1.09003
1.09003
1.08977
1.0898
1.0898
1.08985
1.08955
1.08973
1.08973
1.08973
1.08949
1.08954
1.08955
1.08967
1.08953
1.08953
1.08953
1.08968
1.08923
1.08924
1.08924
1.08924
1.08944
1.08943
1.08943
1.08946
1.08928
1.08931
1.08931
1.0893
1.08936
1.08933
1.08933
1.08933
1.08946
1.08944
1.08944
1.08946
1.08932
1.08933
1.08932
1.08929
1.08954
1.08954
1.08954
1.08954
1.08931
1.08933
1.08933
1.08931
1.08981
1.08979
1.08979
1.08979
1.08994
1.08989
1.08988
1.08992
1.08972
1.08972
1.08972
1.08954
1.08993
1.08986
1.08987
1.08992
1.08972
1.08979
1.08979
1.08979
1.08972
1.08975
1.08975
1.08975
1.08976
1.08976
1.08976
1.08975
1.08988
1.08986
1.08985
1.08976
1.08995
1.08994
1.08994
1.09017
1.0899
1.08992
1.08992
1.08992
1.09025
1.09014
1.09014
1.09017
1.09004
1.09004
1.09004
1.09004
1.0898
1.08982
1.08982
1.08982
1.08951
1.08951
1.08949
1.08941
1.08969
1.08965
1.08965
1.08973
1.08961
1.08963
1.08962
1.08962
1.08941
1.08946
1.08942
1.08938
1.08959
1.08946
1.08946
1.08956
1.08945
1.08946
1.08946
1.0893
1.08954
1.08947
1.08947
1.08953
1.08925
1.08931
1.0893
1.0893
1.08907
1.08911
1.08911
1.08907
1.08927
1.08923
1.08923
1.08923
1.08904
1.08905
1.08903
1.08903
1.08936
1.08936
1.08936
1.08936
1.08908
1.08909
1.08909
1.08904
1.08915
1.08913
1.08913
1.08914
1.089
1.08904
1.08904
1.08898
1.08912
1.0891
1.0891
1.08906
1.08927
1.08927
1.08927
1.08935
1.08919
1.0892
1.0892
1.08921
1.08903
1.08904
1.08904
1.08901
1.08913
1.08911
1.08912
1.08918
1.089
1.08904
1.08904
1.08885
1.08915
1.08914
1.08914
1.08916
1.08895
1.08895
1.08895
1.08898
1.08875
1.08879
1.0888
1.08876
1.08888
1.08881
1.08881
1.08881
1.08903
1.08895
1.08895
1.08906
1.08883
1.08885
1.08885
1.08893
1.0887
1.08878
1.08878
1.08876
1.08887
1.08883
1.08878
1.08883
1.08865
1.08868
1.08868
1.08875
1.08863
1.08864
1.08864
1.08864
1.08855
1.08855
1.08855
1.08856
1.08842
1.08842
1.0884
1.0884
1.08885
1.08865
1.08865
1.08865
1.08887
1.08885
1.08885
1.0888
1.08887
1.08887
1.08886
1.08879
1.08897
1.08888
1.08888
1.08888
1.08944
1.08942
1.08945
1.0897
1.08933
1.08937
1.08939
1.08953
1.08914
1.08916
1.08917
1.08918
1.0889
1.08894
1.08894
1.08891
1.08906
1.08904
1.08904
1.08904
1.0884
1.0888
1.08881
1.0887
1.08902
1.08882
1.08883
1.08883
1.08832
1.08848
1.08848
1.08882
1.08819
1.08828
1.08832
1.08823
1.0886
1.08852
1.08853
1.08854
1.08816
1.08831
1.08831
1.08828
1.08892
1.08892
1.08895
1.08883
1.08918
1.08913
1.08912
1.089
1.08943
1.08941
1.08944
1.08947
1.08925
1.08927
1.08927
1.08928
1.08886
1.08897
1.08897
1.08896
1.08939
1.08922
1.08921
1.08921
1.08941
1.08933
1.08931
1.08931
1.08896
1.08924
1.08923
1.08923
1.0887
1.08877
1.08877
1.08886
1.0885
1.08861
1.08861
1.08853
1.08876
1.08869
1.08871
1.08858
1.08887
1.08887
1.08887
1.08877
1.08894
1.08892
1.08892
1.08892
1.08861
1.08881
1.08881
1.08876
1.08902
1.08901
1.08903
1.08895
1.08934
1.08914
1.08914
1.08905
1.08945
1.08934
1.08934
1.08934
1.08958
1.08945
1.08946
1.08954
1.08901
1.08904
1.08904
1.08902
1.08923
1.08905
1.08905
1.08882
1.08921
1.08907
1.08907
1.089
1.08936
1.08924
1.08924
1.08925
1.08906
1.08913
1.08914
1.08914
1.08943
1.08941
1.08941
1.08941
1.08959
1.08945
1.08946
1.08947
1.08914
1.08915
1.08915
1.08913
1.08943
1.08935
1.08935
1.08962
1.08925
1.08926
1.08925
1.0893
1.089
1.08905
1.08905
1.08903
1.08938
1.08921
1.08921
1.08925
1.08909
1.08917
1.0892
1.08916
1.0894
1.08936
1.08936
1.08935
1.08965
1.0896
1.08964
1.08955
1.09026
1.09008
1.09005
1.09
1.09171
1.09156
1.09155
1.09163
1.09116
1.09141
1.09142
1.09153
1.0911
1.09131
1.09137
1.0913
1.09186
1.0918
1.0918
1.09187
1.09155
1.09174
1.09173
1.09176
1.09142
1.09169
1.09168
1.09141
1.09201
1.09185
1.09185
1.09191
1.09164
1.09174
1.09175
1.09184
1.09144
1.09156
1.09159
1.09159
1.09203
1.09172
1.09174
1.09181
1.09154
1.09164
1.09164
1.09164
1.09139
1.09143
1.09144
1.0916
1.0913
1.09141
1.09139
1.09147
1.09121
1.09121
1.09121
1.09109
1.09136
1.09127
1.09129
1.09105
1.09167
1.09161
1.09156
1.09156
1.0924
1.09221
1.0922
1.09231
1.09181
1.09194
1.09192
1.09196
1.09169
1.09177
1.09177
1.09171
1.09194
1.09185
1.09181
1.09181
1.09235
1.09224
1.09224
1.09219
1.09268
1.09263
1.09264
1.09232
1.09287
1.09273
1.09273
1.09273
1.09328
1.09288
1.09288
1.09324
1.09285
1.09285
1.09286
1.0928
1.09317
1.09303
1.09305
1.09341
1.09259
1.0927
1.09271
1.09282
1.09229
1.09253
1.0925
1.09249
1.09286
1.09276
1.09275
1.09306
1.09241
1.09254
1.09255
1.09252
1.09292
1.09292
1.09292
1.09291
1.09369
1.09369
1.09371
1.09359
1.09406
1.09392
1.09393
1.09451
1.0938
1.0938
1.09393
1.09424
1.09372
1.09381
1.09381
1.09371
1.09435
1.09432
1.09433
1.09463
1.094
1.09431
1.09431
1.09454
1.09396
1.09401
1.09403
1.09418
1.09385
1.09389
1.09388
1.09422
1.09377
1.09379
1.09386
1.09417
1.09377
1.09378
1.09378
1.09366
1.09393
1.0938
1.0938
1.09387
1.0936
1.09363
1.09363
1.09346
1.09371
1.09369
1.0937
1.09366
1.09415
1.09412
1.09412
1.09412
1.09449
1.09426
1.09425
1.09428
1.09366
1.09369
1.09369
1.0937
1.09335
1.09338
1.0934
1.09342
1.09315
1.09321
1.0932
1.09325
1.09292
1.09293
1.09293
1.09302
1.0926
1.09264
1.09266
1.09262
1.09283
1.09283
1.09284
1.09292
1.0926
1.09282
1.09283
1.09291
1.09259
1.09277
1.09279
1.09269
1.0929
1.09279
1.09281
1.09291
1.09239
1.0924
1.09241
1.09219
1.09252
1.09241
1.09242
1.09218
1.09263
1.09262
1.09265
1.09282
1.09245
1.0926
1.0926
1.09267
1.09236
1.09236
1.09236
1.09262
1.09235
1.09235
1.09234
1.09234
1.09282
1.09279
1.09276
1.09275
1.09292
1.0929
1.0929
1.09291
1.09267
1.0927
1.09269
1.0927
1.09248
1.09256
1.09258
1.09258
1.09275
1.09273
1.09273
1.09273
1.09339
1.09304
1.09303
1.09302
1.09353
1.09352
1.09352
1.09362
1.09318
1.0932
1.0932
1.09331
1.09285
1.09305
1.09306
1.0933
1.09209
1.09222
1.09222
1.09233
1.09192
1.09217
1.09217
1.09238
1.09193
1.09196
1.09196
1.09191
1.09222
1.09212
1.09212
1.09206
1.09252
1.09239
1.09239
1.09239
1.09266
1.0926
1.0926
1.09263
1.09231
1.09241
1.09241
1.09243
1.09189
1.09199
1.09201
1.09207
1.09189
1.092
1.092
1.09192
1.09222
1.09209
1.0921
1.09207
1.09242
1.09239
1.09241
1.09273
1.09233
1.09236
1.09238
1.09236
1.09248
1.09239
1.09239
1.09251
1.09237
1.09237
1.09237
1.09237
1.0929
1.0927
1.0927
1.09272
1.09258
1.09267
1.09268
1.09269
1.0926
1.09267
1.09266
1.09266
1.09231
1.09236
1.09235
1.09255
1.09225
1.09227
1.09227
1.09219
1.0923
1.09227
1.09228
1.0924
1.09221
1.09221
1.09219
1.0923
1.09186
1.09187
1.09187
1.09177
1.092
1.092
1.09201
1.09207
1.09186
1.09198
1.09198
1.09199
1.09175
1.09186
1.09187
1.09208
1.09178
1.0918
1.09181
1.09188
1.09148
1.0915
1.09149
1.09138
1.09175
1.0917
1.09172
1.09172
1.09194
1.09192
1.09192
1.092
1.09172
1.09192
1.09192
1.09189
1.09225
1.09209
1.0921
1.09213
1.0917
1.09179
1.09176
1.09185
1.09168
1.09174
1.09174
1.09174
1.09186
1.09183
1.09183
1.09185
1.09168
1.0918
1.09181
1.09195
1.09172
1.09179
1.09179
1.09172
1.09205
1.09191
1.09191
1.09208
1.09189
1.09191
1.09192
1.09213
1.09183
1.09191
1.0919
1.09201
1.0917
1.09177
1.09177
1.09179
1.09148
1.09161
1.09159
1.09159
1.0919
1.09179
1.09179
1.0918
1.09137
1.09168
1.09167
1.09169
1.09146
1.09148
1.09147
1.0916
1.09124
1.09142
1.09141
1.09141
1.09172
1.09145
1.09142
1.09127
1.09153
1.09145
1.09146
1.09146
1.09219
1.09209
1.09209
1.09215
1.09187
1.09207
1.09207
1.09207
1.09179
1.09205
1.09207
1.09191
1.09227
1.09221
1.09222
1.09234
1.09217
1.09222
1.09222
1.09217
1.09234
1.09232
1.09232
1.09227
1.09241
1.0924
1.0924
1.09236
1.09266
1.0925
1.0925
1.09241
1.09263
1.0926
1.0926
1.09268
1.09251
1.09251
1.09251
1.0926
1.09225
1.09225
1.09226
1.09225
1.09255
1.09238
1.09238
1.09248
1.09229
1.09238
1.09238
1.09238
1.09267
1.09249
1.09247
1.09247
1.09266
1.09262
1.09263
1.09277
1.09248
1.09259
1.09259
1.09248
1.09272
1.09272
1.09272
1.09271
1.09302
1.09289
1.0929
1.09281
1.09328
1.09322
1.09322
1.09307
1.09358
1.09345
1.09345
1.0935
1.09329
1.09329
1.09329
1.0933
1.0931
1.09311
1.0931
1.09306
1.09319
1.09317
1.09317
1.09338
1.09299
1.09305
1.09305
1.09311
1.09253
1.09256
1.09256
1.09259
1.0924
1.0924
1.0924
1.09239
1.09257
1.09254
1.09254
1.09252
1.09276
1.09272
1.09272
1.09269
1.09294
1.09277
1.09278
1.09278
1.09312
1.09312
1.09312
1.09312
1.09256
1.09259
1.0926
1.09256
1.09284
1.0928
1.0928
1.09284
1.09259
1.0928
1.09283
1.09283
1.09252
1.09272
1.09273
1.09281
1.09239
1.09261
1.09262
1.09262
1.09228
1.09246
1.09245
1.0925
1.09205
1.09212
1.0921
1.09207
1.09229
1.09227
1.09225
1.09202
1.09232
1.09228
1.0923
1.09246
1.09226
1.09228
1.09229
1.09239
1.09214
1.09217
1.09217
1.09219
1.09209
1.09209
1.09209
1.0921
1.09186
1.0919
1.0919
1.09196
1.09146
1.09168
1.09169
1.09172
1.09149
1.09159
1.09161
1.0917
1.09158
1.09159
1.09159
1.09176
1.09157
1.09158
1.09158
1.09149
1.0917
1.0917
1.09173
1.09169
1.09201
1.09201
1.09201
1.09203
1.09181
1.09187
1.09188
1.09189
1.09179
1.0918
1.0918
1.0918
1.09157
1.09157
1.09157
1.0915
1.09173
1.09166
1.09168
1.0917
1.09146
1.09149
1.09149
1.09149
1.09169
1.09158
1.09158
1.09161
1.09147
1.09157
1.09155
1.0915
1.09163
1.09163
1.09163
1.09152
1.09176
1.09173
1.09173
1.09179
1.09153
1.09159
1.09159
1.09152
1.09172
1.09172
1.09172
1.09172
1.09159
1.0916
1.0916
1.09148
1.09172
1.09171
1.09171
1.09172
1.09135
1.09144
1.09144
1.09146
1.09079
1.09081
1.0908
1.09066
1.09088
1.09087
1.09087
1.0907
1.09097
1.09089
1.09089
1.09076
1.09101
1.09098
1.09097
1.09089
1.09104
1.09103
1.09102
1.09101
1.09126
1.09119
1.09119
1.09113
1.09133
1.09123
1.09123
1.09131
1.0911
1.0911
1.0911
1.09103
1.09124
1.09111
1.09111
1.09111
1.0908
1.09091
1.09091
1.09092
1.09071
1.0909
1.09089
1.09089
1.09057
1.09061
1.09061
1.09057
1.09077
1.0907
1.09071
1.09075
1.09058
1.09061
1.09061
1.09069
1.09049
1.09058
1.09058
1.09066
1.09046
1.09052
1.09052
1.09068
1.09032
1.09037
1.09038
1.09038
1.09019
1.09021
1.09021
1.09024
1.08977
1.08991
1.08991
1.08989
1.09015
1.09001
1.09002
1.08999
1.09023
1.09021
1.09021
1.09022
1.09003
1.09009
1.09007
1.09005
1.09041
1.09033
1.09033
1.09035
1.09021
1.09021
1.09021
1.09021
1.0901
1.0902
1.0902
1.09013
1.09034
1.09031
1.0903
1.0903
1.09055
1.09051
1.09051
1.09051
1.09029
1.09031
1.09031
1.09037
1.09012
1.09023
1.09023
1.09023
1.09058
1.09054
1.0905
1.09037
1.09056
1.09055
1.09055
1.09065
1.09052
1.09052
1.09052
1.0905
1.09061
1.0906
1.09061
1.09051
1.09065
1.09062
1.09065
1.09066
1.09049
1.09057
1.09058
1.0905
1.09065
1.09061
1.09061
1.09061
1.09053
1.0906
1.0906
1.09061
1.09052
1.09052
1.09052
1.09048
1.09068
1.09067
1.09067
1.09064
1.09092
1.0908
1.09081
1.09081
1.0907
1.09079
1.09079
1.09084
1.09068
1.09074
1.09077
1.09074
1.0909
1.09087
1.09087
1.09095
1.0907
1.09087
1.09087
1.09081
1.09098
1.09094
1.09095
1.09094
1.09114
1.09111
1.09111
1.09111
1.0906
1.0906
1.0906
1.09071
1.09048
1.09049
1.09049
1.09049
1.09076
1.09072
1.09073
1.0907
1.09081
1.09079
1.09079
1.0908
1.09067
1.0907
1.0907
1.09069
1.09088
1.09084
1.09084
1.09082
1.09115
1.09101
1.09102
1.09102
1.09152
1.09132
1.09132
1.09136
1.09117
1.09127
1.09125
1.0912
1.09154
1.09145
1.09143
1.09151
1.09117
1.0912
1.0912
1.0912
1.09141
1.09128
1.09128
1.09131
1.09119
1.0912
1.0912
1.09117
1.09122
1.09121
1.09121
1.09121
1.09163
1.09155
1.09162
1.09171
1.09147
1.09148
1.09146
1.09153
1.09111
1.09111
1.09111
1.09118
1.09088
1.09099
1.09099
1.09097
1.09126
1.0911
1.0911
1.09109
1.0913
1.09125
1.09125
1.09128
1.09108
1.0911
1.0911
1.0911
1.09133
1.09127
1.09127
1.09127
1.091
1.09107
1.09107
1.09111
1.09099
1.091
1.091
1.09089
1.09111
1.09102
1.09102
1.09111
1.091
1.09101
1.09101
1.09101
1.09053
1.09084
1.09084
1.09081
1.09136
1.09136
1.09135
1.09129
1.09172
1.09171
1.09171
1.09168
1.092
1.09183
1.09183
1.09185
1.09163
1.09164
1.09164
1.09159
1.09182
1.09173
1.09171
1.09171
1.09202
1.09199
1.09197
1.09213
1.0918
1.09193
1.09193
1.09199
1.09178
1.0918
1.0918
1.09188
1.09173
1.09173
1.09173
1.09172
1.09193
1.09192
1.09192
1.09189
1.09213
1.0921
1.0921
1.0921
1.0925
1.09233
1.09231
1.09231
1.09211
1.09219
1.09219
1.0922
1.09187
1.09192
1.09192
1.09188
1.09202
1.09197
1.09197
1.09197
1.09174
1.09182
1.09182
1.0919
1.09169
1.0917
1.0917
1.0917
1.09233
1.0923
1.09231
1.09244
1.0921
1.0921
1.0921
1.09219
1.09152
1.09152
1.09155
1.09161
1.09137
1.09145
1.09145
1.09145
1.09163
1.09162
1.09162
1.09163
1.09132
1.09136
1.09139
1.09143
1.09097
1.09111
1.09111
1.09111
1.09136
1.09134
1.09134
1.09129
1.09144
1.09143
1.09143
1.09144
1.09097
1.09101
1.09101
1.0911
1.09086
1.091
1.09101
1.0908
1.0911
1.09101
1.09101
1.09103
1.09083
1.09084
1.09086
1.09101
1.09077
1.0908
1.0908
1.09083
1.09067
1.09069
1.0907
1.09074
1.09057
1.09061
1.09061
1.0906
1.09074
1.09069
1.0907
1.09075
1.09056
1.09061
1.0906
1.09044
1.09072
1.09072
1.09072
1.0907
1.09083
1.09081
1.09081
1.09081
1.09072
1.09079
1.09079
1.09081
1.0907
1.09078
1.09078
1.09082
1.09061
1.09064
1.09064
1.09064
1.09016
1.09025
1.09025
1.09036
1.09012
1.09014
1.09014
1.09009
1.09021
1.09014
1.09014
1.09017
1.09013
1.09013
1.09013
1.08977
1.09019
1.09014
1.09014
1.09015
1.09
1.09004
1.09004
1.09004
1.08978
1.08982
1.08982
1.08989
1.08971
1.08971
1.08971
1.08966
1.08986
1.08981
1.08981
1.08979
1.08996
1.08993
1.08993
1.08993
1.09012
1.09
1.09
1.09004
1.0898
1.08999
1.08995
1.09004
1.08988
1.08993
1.08993
1.08981
1.09009
1.09006
1.09006
1.09006
1.08994
1.09001
1.09001
1.08994
1.09015
1.09013
1.09013
1.0901
1.09044
1.09044
1.09046
1.09042
1.09056
1.09053
1.09053
1.09049
1.09069
1.09061
1.0906
1.09049
1.09073
1.09073
1.09073
1.09072
1.09105
1.09092
1.0909
1.09093
1.09062
1.09065
1.09059
1.09059
1.08985
1.08999
1.08999
1.08996
1.09025
1.09017
1.09017
1.09017
1.08982
1.09013
1.09015
1.09015
1.0896
1.08971
1.08973
1.08996
1.08963
1.08963
1.08964
1.08962
1.08985
1.08974
1.08974
1.08973
1.09004
1.08991
1.08991
1.09001
1.08982
1.08983
1.08983
1.08983
1.09016
1.09009
1.09005
1.09024
1.09002
1.09004
1.09004
1.09007
1.08991
1.08994
1.08992
1.08985
1.0901
1.09009
1.09009
1.09001
1.09011
1.0901
1.0901
1.0901
1.0905
1.09043
1.09041
1.09047
1.08957
1.08958
1.08968
1.08962
1.08987
1.08984
1.08984
1.08999
1.08969
1.0898
1.08981
1.08973
1.08991
1.08984
1.08986
1.08988
1.08946
1.08962
1.08962
1.08962
1.08927
1.08928
1.0893
1.08953
1.08904
1.08908
1.08908
1.08925
1.08867
1.08874
1.08874
1.0887
1.08894
1.0889
1.08887
1.08872
1.08894
1.08892
1.08892
1.0888
1.08895
1.08894
1.08894
1.08899
1.0887
1.08882
1.08882
1.08896
1.08879
1.0888
1.0888
1.08873
1.08894
1.08887
1.08886
1.08892
1.08849
1.08855
1.08853
1.08859
1.08807
1.08824
1.08824
1.08816
1.08844
1.08824
1.08822
1.08848
1.08755
1.08784
1.08784
1.08796
1.08671
1.08723
1.08718
1.0865
1.08723
1.08723
1.08719
1.08724
1.08592
1.08627
1.08627
1.08642
1.08564
1.08586
1.08584
1.08581
1.08627
1.08626
1.08627
1.08627
1.08658
1.0865
1.08644
1.0866
1.08595
1.08596
1.08594
1.08612
1.08561
1.08565
1.08571
1.08598
1.08553
1.08555
1.08555
1.08545
1.08618
1.08611
1.08612
1.08608
1.08651
1.08628
1.08627
1.08612
1.08645
1.08644
1.08644
1.08645
1.08561
1.08582
1.08579
1.086
1.08534
1.08534
1.08529
1.08533
1.08455
1.08509
1.08505
1.08481
1.08539
1.08539
1.08535
1.08535
1.08513
1.08524
1.08526
1.08511
1.08556
1.08539
1.08539
1.08539
1.08563
1.08556
1.08556
1.08582
1.08551
1.08556
1.08557
1.08557
1.08533
1.08535
1.08535
1.08535
1.08568
1.08568
1.08568
1.08555
1.08583
1.08577
1.08577
1.08577
1.08554
1.08555
1.08554
1.08546
1.08576
1.08566
1.08566
1.08569
1.0851
1.08515
1.08515
1.08515
1.0854
1.08521
1.08521
1.08514
1.08546
1.08546
1.08546
1.08567
1.08517
1.08526
1.08528
1.08537
1.08505
1.08523
1.08524
1.08517
1.08536
1.08534
1.08534
1.08527
1.08546
1.08546
1.08546
1.08546
1.08522
1.08539
1.08539
1.08539
1.08493
1.08496
1.08496
1.08493
1.08544
1.08543
1.08545
1.08528
1.08557
1.08547
1.08547
1.08558
1.08543
1.08546
1.08546
1.08554
1.08528
1.08536
1.08537
1.08536
1.08569
1.0856
1.08561
1.08561
1.08578
1.08575
1.08575
1.08564
1.0858
1.08578
1.08578
1.0857
1.08612
1.08612
1.08613
1.08603
1.0863
1.08618
1.08618
1.08618
1.08583
1.08592
1.08592
1.0859
1.08611
1.08594
1.08594
1.08578
1.08603
1.08595
1.08595
1.08601
1.08561
1.08561
1.08561
1.08532
1.08576
1.08573
1.08571
1.08578
1.08546
1.08555
1.08555
1.08535
1.08567
1.08555
1.08554
1.08552
1.08569
1.08555
1.08556
1.08556
1.08576
1.08566
1.08566
1.08564
1.08579
1.08569
1.08569
1.08569
1.08533
1.0854
1.08543
1.08544
1.08496
1.08502
1.08503
1.08503
1.08537
1.08518
1.08518
1.08521
1.08501
1.08506
1.08506
1.08497
1.08508
1.08506
1.08507
1.08504
1.08535
1.08528
1.08528
1.08538
1.08504
1.08517
1.08515
1.08496
1.08521
1.08516
1.08515
1.08514
1.08558
1.08537
1.08539
1.08536
1.08594
1.08594
1.08594
1.08603
1.08532
1.08542
1.08542
1.08546
1.08507
1.08517
1.08517
1.08527
1.0848
1.08503
1.08497
1.08478
1.0854
1.08533
1.0853
1.08541
1.08493
1.08496
1.08498
1.08498
1.08547
1.08528
1.08528
1.08521
1.08552
1.08548
1.08547
1.08555
1.08527
1.08541
1.0854
1.0853
1.08558
1.08554
1.08552
1.08557
1.08539
1.08548
1.08545
1.08551
1.08489
1.08489
1.08487
1.08484
1.08501
1.08501
1.085
1.08509
1.08485
1.08499
1.08502
1.08508
1.08467
1.08476
1.08476
1.08483
1.08424
1.08435
1.08433
1.08447
1.08413
1.08415
1.08414
1.08414
1.08361
1.08373
1.08374
1.08379
1.08336
1.08352
1.08355
1.0835
1.08419
1.08408
1.08408
1.08391
1.08447
1.08434
1.08433
1.08446
1.08418
1.08418
1.08412
1.08404
1.08439
1.08425
1.08425
1.08429
1.08404
1.08416
1.08414
1.08414
1.08391
1.08394
1.08391
1.08392
1.08336
1.0837
1.08366
1.08358
1.08447
1.08439
1.08445
1.08478
1.08398
1.08413
1.0841
1.0843
1.08324
1.08377
1.08378
1.08362
1.08405
1.08384
1.08385
1.08395
1.08326
1.08385
1.08387
1.08397
1.08364
1.08368
1.08368
1.08375
1.08326
1.08347
1.08347
1.08371
1.08324
1.08328
1.08327
1.08318
1.08356
1.0834
1.08339
1.08367
1.08315
1.08321
1.08327
1.08358
1.08291
1.08291
1.08289
1.08289
1.08222
1.08256
1.0825
1.08268
1.08237
1.08243
1.08242
1.08245
1.08185
1.08207
1.08207
1.08208
1.08146
1.08152
1.08153
1.08152
1.08191
1.08175
1.08175
1.0815
1.0819
1.08185
1.08184
1.08208
1.0816
1.08168
1.08169
1.08171
1.08148
1.08152
1.08155
1.08158
1.08124
1.08151
1.08148
1.08168
1.0812
1.08129
1.0813
1.0813
1.08193
1.08182
1.08181
1.08181
1.08235
1.08228
1.08228
1.08245
1.08205
1.08219
1.08219
1.08221
1.08193
1.08211
1.08211
1.08211
1.0824
1.08239
1.08239
1.08241
1.08228
1.08234
1.08235
1.08219
1.08244
1.08242
1.08241
1.08239
1.08269
1.08266
1.08263
1.08254
1.0827
1.0827
1.08268
1.08286
1.0825
1.08253
1.08253
1.0825
1.08295
1.08287
1.08288
1.08289
1.08229
1.08233
1.0823
1.08246
1.08213
1.08224
1.08225
1.08228
1.08194
1.08196
1.08198
1.08198
1.08237
1.08218
1.08219
1.08209
1.08235
1.08231
1.08231
1.08234
1.08208
1.08211
1.08211
1.08208
1.08219
1.08215
1.08215
1.08221
1.08198
1.08208
1.08207
1.08205
1.0826
1.08257
1.08258
1.08265
1.08234
1.08241
1.08243
1.08257
1.08225
1.08236
1.08237
1.08263
1.08207
1.08218
1.08216
1.08238
1.08202
1.08204
1.08203
1.08184
1.08205
1.08205
1.08201
1.08224
1.08194
1.08199
1.08199
1.08197
1.08238
1.08219
1.08219
1.08199
1.08241
1.08235
1.08232
1.08241
1.08144
1.08144
1.08142
1.08157
1.08115
1.0813
1.0813
1.08144
1.08119
1.08126
1.08127
1.08128
1.08107
1.08115
1.08115
1.08109
1.08148
1.08145
1.08145
1.08149
1.0812
1.08128
1.08128
1.0811
1.08133
1.08129
1.08129
1.08148
1.08103
1.08118
1.08118
1.08149
1.08077
1.0808
1.08081
1.08086
1.08035
1.0805
1.08047
1.08056
1.0801
1.08014
1.08012
1.08012
1.08047
1.08044
1.08044
1.0805
1.08019
1.08037
1.08038
1.08035
1.08099
1.08091
1.08099
1.08122
1.08063
1.08075
1.08076
1.0806
1.08094
1.08084
1.08084
1.08102
1.08017
1.08017
1.08015
1.08015
1.08061
1.08059
1.08057
1.08058
1.08012
1.08028
1.08028
1.08049
1.07979
1.08001
1.08003
1.07996
1.0806
1.08052
1.08049
1.08051
1.07999
1.08009
1.08009
1.08014
1.07998
1.08
1.08002
1.0799
1.0801
1.08005
1.08005
1.08008
1.07866
1.07885
1.07885
1.07911
1.07842
1.07847
1.07853
1.0787
1.07842
1.07852
1.07852
1.0785
1.07887
1.07853
1.07853
1.0785
1.07879
1.07861
1.07862
1.07865
1.07832
1.07847
1.07847
1.0786
1.07821
1.07835
1.07835
1.07822
1.07856
1.07846
1.07846
1.07839
1.07869
1.0786
1.0786
1.07865
1.07818
1.07818
1.07818
1.07841
1.07815
1.07817
1.07818
1.07808
1.07829
1.07818
1.07818
1.07813
1.07851
1.07847
1.07847
1.07826
1.07853
1.07852
1.07852
1.0784
1.07868
1.07854
1.07856
1.07845
1.07881
1.0788
1.0788
1.07887
1.0786
1.0787
1.0787
1.0786
1.07913
1.07906
1.07907
1.07913
1.07896
1.07901
1.07901
1.07898
1.07923
1.07915
1.07915
1.07903
1.07918
1.07916
1.07916
1.07898
1.0793
1.07925
1.07925
1.07914
1.07931
1.07929
1.07929
1.07923
1.07957
1.07951
1.07951
1.07951
1.07929
1.07929
1.0793
1.07928
1.07943
1.07931
1.07931
1.07938
1.07908
1.07918
1.07917
1.07916
1.07941
1.07924
1.07924
1.07928
1.07914
1.07914
1.07914
1.07909
1.07939
1.07939
1.07936
1.07921
1.07942
1.07942
1.07942
1.07934
1.07959
1.07956
1.07956
1.07972
1.07937
1.0794
1.07939
1.07945
1.07916
1.0792
1.0792
1.07912
1.07927
1.07927
1.07926
1.0793
1.07907
1.07907
1.07907
1.07911
1.0788
1.07898
1.07898
1.07895
1.07914
1.07906
1.07906
1.07911
1.07881
1.07906
1.07905
1.07905
1.07953
1.07946
1.07945
1.07948
1.0793
1.07938
1.07936
1.07936
1.07966
1.07953
1.07956
1.07949
1.07979
1.07979
1.07979
1.07972
1.08002
1.07991
1.0799
1.08007
1.07984
1.07986
1.07986
1.07982
1.08029
1.08022
1.08025
1.08
1.08032
1.08032
1.08031
1.08031
1.08009
1.08014
1.08015
1.08016
1.07998
1.08002
1.08004
1.08002
1.0803
1.08026
1.08026
1.08026
1.08039
1.08029
1.08028
1.08028
1.07999
1.08005
1.08005
1.08003
1.08036
1.08032
1.0803
1.08025
1.08042
1.08035
1.08035
1.08042
1.08011
1.08016
1.08016
1.08007
1.08019
1.08017
1.08018
1.08012
1.08036
1.08036
1.08036
1.08035
1.08067
1.08061
1.08062
1.08068
1.0805
1.0806
1.0806
1.08061
1.08047
1.08051
1.08051
1.08051
1.08034
1.08048
1.08048
1.08048
1.08033
1.08038
1.08039
1.08036
1.08042
1.08041
1.08041
1.08039
1.0807
1.08069
1.08069
1.08068
1.08079
1.08078
1.08078
1.08071
1.08096
1.08094
1.08092
1.08092
1.08108
1.08107
1.08107
1.08107
1.08095
1.08097
1.08097
1.08092
1.08111
1.0811
1.0811
1.08109
1.08126
1.08123
1.08123
1.08123
1.08107
1.08109
1.08109
1.08109
1.08146
1.08145
1.08144
1.08139
1.0816
1.08156
1.08156
1.08161
1.0814
1.08142
1.08142
1.08139
1.08158
1.08156
1.08156
1.08158
1.08138
1.08147
1.08147
1.08158
1.08123
1.08138
1.08138
1.08136
1.08159
1.08157
1.08156
1.08168
1.08149
1.08152
1.08152
1.08148
1.08168
1.0816
1.08159
1.08179
1.08157
1.08159
1.08159
1.08159
1.08176
1.08176
1.08175
1.08175
1.08163
1.08164
1.08164
1.08168
1.08158
1.08159
1.0816
1.08159
1.08168
1.08162
1.08162
1.08168
1.08158
1.08158
1.08156
1.08156
1.0814
1.0814
1.08141
1.08132
1.08152
1.08147
1.08147
1.0815
1.08139
1.08139
1.08139
1.0814
1.08128
1.08129
1.08129
1.08125
1.08139
1.0813
1.0813
1.08134
1.08113
1.08117
1.08117
1.08129
1.08092
1.08094
1.08096
1.08092
1.08127
1.08125
1.08125
1.08118
1.08129
1.08129
1.08129
1.08124
1.08134
1.0813
1.0813
1.08128
1.08161
1.08148
1.08148
1.08152
1.08137
1.08148
1.08148
1.08148
1.08182
1.08181
1.08181
1.08171
1.08197
1.08197
1.08197
1.08199
1.08192
1.08192
1.08192
1.08192
1.08178
1.08178
1.08178
1.08174
1.08219
1.0821
1.08209
1.08196
1.08228
1.08219
1.0822
1.0823
1.0821
1.0821
1.0821
1.08222
1.08195
1.08197
1.08197
1.08212
1.0817
1.0818
1.08181
1.0818
1.08211
1.0819
1.08191
1.08191
1.08166
1.08174
1.08174
1.08175
1.08155
1.08156
1.08156
1.08146
1.08159
1.08158
1.08158
1.08159
1.0814
1.08151
1.08155
1.08149
1.08163
1.08155
1.08155
1.08155
1.08165
1.08158
1.08158
1.08159
1.08147
1.0815
1.0815
1.08139
1.0816
1.0816
1.08159
1.08162
1.08141
1.08141
1.08141
1.0814
1.08155
1.08145
1.08145
1.0815
1.08124
1.08131
1.0813
1.08129
1.08149
1.08149
1.08149
1.08149
1.08139
1.08149
1.08149
1.08149
1.0818
1.0818
1.0818
1.08181
1.08175
1.08179
1.08179
1.08179
1.08159
1.08166
1.08166
1.08165
1.08197
1.08179
1.08179
1.08179
1.0817
1.08178
1.08177
1.08177
1.082
1.08188
1.0819
1.0819
1.08177
1.08186
1.08186
1.08186
1.08202
1.08198
1.08198
1.08209
1.08195
1.08197
1.08195
1.08197
1.08185
1.08186
1.08186
1.08188
1.08177
1.08177
1.08177
1.08177
1.08189
1.08185
1.08185
1.08188
1.08177
1.08177
1.08177
1.08177
1.08168
1.0817
1.0817
1.0817
1.08153
1.08158
1.08158
1.08146
1.08161
1.08158
1.08159
1.08156
1.08171
1.08171
1.08171
1.08169
1.08179
1.08177
1.08177
1.08178
1.08155
1.08158
1.08158
1.08157
1.08212
1.08209
1.08209
1.08221
1.08188
1.08191
1.08192
1.08201
1.08185
1.08187
1.08187
1.08187
1.08215
1.0821
1.08211
1.08214
1.0821
1.0821
1.0821
1.08211
1.08207
1.08207
1.08207
1.08207
1.08221
1.08212
1.08212
1.08211
1.08236
1.08236
1.08235
1.08235
1.08246
1.08238
1.08238
1.08238
1.08226
1.08227
1.08227
1.08222
1.08232
1.08228
1.08234
1.08236
1.08222
1.08226
1.08226
1.08226
1.08204
1.08209
1.08214
1.08216
1.08197
1.08205
1.08205
1.08204
1.08217
1.08208
1.08207
1.08199
1.08217
1.08215
1.08215
1.08214
1.08226
1.08216
1.08216
1.08216
1.08186
1.08196
1.08196
1.08184
1.08197
1.08197
1.08197
1.08194
1.08211
1.08209
1.08208
1.08208
1.08222
1.08212
1.08212
1.08208
1.08218
1.08215
1.08215
1.08218
1.08204
1.08206
1.08206
1.08205
1.08229
1.08209
1.0821
1.08199
1.08221
1.08221
1.08221
1.08218
1.08227
1.08224
1.08224
1.08224
1.08205
1.08221
1.08222
1.08228
1.08214
1.08216
1.08216
1.08215
1.08226
1.08221
1.08221
1.08221
1.08208
1.08211
1.08211
1.08211
1.08197
1.08199
1.08199
1.08197
1.08207
1.08201
1.08202
1.08197
1.08216
1.08216
1.08217
1.08218
1.08209
1.0821
1.08211
1.08208
1.0823
1.0823
1.0823
1.08237
1.08209
1.08218
1.08218
1.08216
1.08242
1.0823
1.08226
1.08226
1.08246
1.08238
1.08238
1.08246
1.08225
1.0823
1.0823
1.0823
1.08239
1.08239
1.08239
1.08239
1.08227
1.08229
1.08229
1.08232
1.08214
1.08219
1.08219
1.08215
1.08222
1.08219
1.08219
1.08217
1.08229
1.0822
1.0822
1.08225
1.08209
1.08209
1.08209
1.0821
1.08203
1.08205
1.08204
1.08206
1.08185
1.08188
1.08188
1.08192
1.08187
1.08187
1.08187
1.08187
1.08208
1.08188
1.08188
1.08189
1.08174
1.0818
1.08177
1.08192
1.08174
1.08174
1.08174
1.08174
1.08178
1.08176
1.08176
1.08178
1.08154
1.08159
1.08159
1.08159
1.08156
1.08157
1.08157
1.08156
1.08178
1.08177
1.08176
1.08167
1.08179
1.08178
1.08178
1.08174
1.08201
1.08199
1.08199
1.08195
1.08209
1.08205
1.08205
1.082
1.08231
1.08231
1.08231
1.08241
1.08228
1.0823
1.0823
1.0823
1.08248
1.08245
1.08246
1.08248
1.0823
1.08244
1.08245
1.08245
1.08218
1.08218
1.08218
1.08218
1.08234
1.08228
1.08228
1.08226
1.08248
1.0823
1.0823
1.08231
1.08228
1.08228
1.08228
1.08228
1.08248
1.08238
1.08238
1.08238
1.08226
1.08227
1.08227
1.08228
1.08219
1.08219
1.08219
1.08219
1.0823
1.08229
1.08229
1.08229
1.0825
1.08249
1.08249
1.08251
1.08247
1.08248
1.08248
1.08248
1.0823
1.08236
1.08236
1.08229
1.08238
1.08238
1.08238
1.08235
1.08246
1.08241
1.08241
1.08242
1.08228
1.08239
1.08241
1.08241
1.08259
1.08252
1.08252
1.08249
1.08261
1.0826
1.0826
1.08264
1.08237
1.08241
1.08241
1.0825
1.08227
1.08228
1.08228
1.08227
1.08247
1.08247
1.08247
1.08245
1.08258
1.08257
1.08257
1.08254
1.08275
1.08272
1.08272
1.08277
1.08265
1.08267
1.08266
1.08258
1.08278
1.0827
1.0827
1.08257
1.08279
1.08278
1.08276
1.08279
1.08259
1.08275
1.08274
1.08259
1.08278
1.08276
1.08275
1.08275
1.0826
1.08267
1.08268
1.08268
1.08288
1.08287
1.08286
1.08286
1.08343
1.08328
1.08329
1.08329
1.08313
1.08317
1.08317
1.08317
1.08303
1.08303
1.08303
1.08285
1.08307
1.08307
1.08307
1.08303
1.08328
1.08325
1.08327
1.08327
1.08289
1.08298
1.08299
1.08299
1.08324
1.08324
1.08326
1.08327
1.08314
1.08315
1.08315
1.08315
1.08329
1.08327
1.08327
1.08322
1.08338
1.08337
1.08337
1.08337
1.0837
1.0834
1.0834
1.0834
1.08324
1.08338
1.08337
1.08338
1.08312
1.08327
1.08327
1.08337
1.08314
1.08326
1.08326
1.08326
1.08336
1.08333
1.08333
1.08336
1.08314
1.08315
1.08315
1.08315
1.08304
1.08306
1.08306
1.08306
1.08318
1.08318
1.0832
1.08336
1.08314
1.08318
1.08318
1.08318
1.08305
1.08305
1.08305
1.08305
1.08327
1.08318
1.08318
1.08318
1.08347
1.08337
1.08337
1.08346
1.08326
1.08326
1.08326
1.08326
1.08351
1.08335
1.08335
1.08336
1.08314
1.08327
1.08326
1.08335
1.08308
1.08308
1.08306
1.08313
1.083
1.08303
1.08303
1.08306
1.08293
1.08293
1.0829
1.0829
1.08305
1.083
1.083
1.08292
1.08307
1.08307
1.08307
1.08305
1.08327
1.0832
1.0832
1.08317
1.08333
1.08331
1.0833
1.08312
1.08336
1.08336
1.08336
1.0834
1.08308
1.08312
1.08312
1.08312
1.08278
1.08296
1.08296
1.08301
1.08282
1.08294
1.08294
1.08299
1.08286
1.08286
1.08286
1.08277
1.08307
1.08306
1.08304
1.08306
1.083
1.08304
1.08304
1.083
1.0833
1.0832
1.0832
1.08326
1.08315
1.0832
1.0832
1.08321
1.08306
1.08308
1.08308
1.08303
1.0832
1.08308
1.08308
1.08307
1.08325
1.08321
1.08321
1.08324
1.08307
1.08308
1.08308
1.08307
1.08329
1.08315
1.08315
1.08317
1.08298
1.08305
1.08305
1.08305
1.08279
1.0828
1.08279
1.08287
1.08268
1.08272
1.08274
1.08268
1.08279
1.08276
1.08276
1.08265
1.08278
1.08277
1.08277
1.08275
1.0828
1.08278
1.08278
1.0827
1.08296
1.08288
1.08288
1.0829
1.0828
1.08287
1.08287
1.08286
1.08307
1.08299
1.08299
1.083
1.08288
1.08288
1.08288
1.0829
1.08283
1.08287
1.08289
1.08299
1.08287
1.08287
1.08287
1.08286
1.08296
1.08296
1.08296
1.08296
1.08316
1.08313
1.08313
1.08313
1.08303
1.08309
1.08309
1.08311
1.08304
1.08305
1.08305
1.08304
1.08308
1.08308
1.08308
1.08308
1.08314
1.08314
1.08314
1.08314
1.08304
1.08306
1.08306
1.08304
1.08315
1.08313
1.08313
1.08313
1.08309
1.08312
1.08312
1.08312
1.08309
1.08313
1.08312
1.08312
1.08312
1.08323
1.08322
1.08322
1.08318
1.08329
1.08329
1.08329
1.08329
1.0833
1.0833
1.0833
1.0833
1.08329
1.0833
1.0833
1.08324
1.08335
1.08334
1.08334
1.08334
1.08336
1.08336
1.08336
1.08335
1.08337
1.08337
1.08337
1.08337
1.08335
1.08335
1.08335
1.08336
1.08334
1.08334
1.08334
1.08334
1.08335
1.08335
1.08335
1.08335
1.08336
1.08336
1.08336
1.08336
1.08335
1.08345
1.08344
1.08344
1.08344
1.08339
1.08339
1.08339
1.08339
1.08333
1.08334
1.08334
1.08334
1.08312
1.08312
1.08312
1.08312
1.08302
1.08302
1.08302
1.08302
1.08307
1.08307
1.08307
1.08308
1.08305
1.08307
1.08307
1.08307
1.08315
1.08315
1.08315
1.08315
1.08317
1.08317
1.08317
1.08317
1.08316
1.08317
1.08317
1.08317
1.08317
1.08325
1.08325
1.08325
1.08325
1.08357
1.08355
1.0835
1.08353
1.08348
1.08348
1.08348
1.08348
1.08346
1.08347
1.08347
1.08351
1.08337
1.08337
1.08337
1.08337
1.08318
1.08318
1.08318
1.08318
1.08312
1.08317
1.08317
1.08317
1.0833
1.08327
1.08327
1.08325
1.08348
1.08348
1.08348
1.08341
1.08367
1.08361
1.08361
1.08365
1.08344
1.08346
1.0835
1.08353
1.08346
1.08346
1.08346
1.08348
1.08338
1.08342
1.08342
1.08341
1.08349
1.08349
1.08349
1.08351
1.08349
1.08349
1.08349
1.0835
1.08349
1.08349
1.08349
1.0835
1.08343
1.08345
1.08345
1.08345
1.08335
1.08338
1.08338
1.08336
1.08342
1.08341
1.08341
1.08342
1.08336
1.08336
1.08336
1.08336
1.08336
1.08311
1.08314
1.08314
1.08313
1.08318
1.08318
1.08318
1.08318
1.08321
1.0832
1.0832
1.08324
1.08274
1.08274
1.08262
1.08262
1.08286
1.08268
1.08268
1.08268
1.08284
1.08284
1.08273
1.08272
1.08297
1.08297
1.08273
1.08273
1.08277
1.08277
1.08297
1.08297
1.08278
1.08297
1.08272
1.08272
1.08297
1.08286
1.08286
1.08292
1.0828
1.08282
1.08282
1.08277
1.08287
1.08287
1.08287
1.08287
1.08291
1.08291
1.08291
1.08285
1.08295
1.08292
1.08292
1.08286
1.08298
1.08296
1.08296
1.08292
1.08301
1.08301
1.08301
1.08306
1.08297
1.08301
1.08301
1.083
1.08316
1.08316
1.08313
1.08313
1.08316
1.08314
1.08314
1.08314
1.08297
1.08297
1.08297
1.08306
1.08295
1.08295
1.08295
1.08294
1.08295
1.08295
1.08295
1.08292
1.08302
1.08295
1.08295
1.08297
1.08291
1.08293
1.08295
1.0829
1.08297
1.08295
1.08295
1.08296
1.08294
1.08294
1.08294
1.08294
1.08264
1.08279
1.08282
1.08282
1.08276
1.08281
1.08281
1.0828
1.08293
1.08292
1.08292
1.08291
1.08296
1.08296
1.08295
1.08275
1.08302
1.08301
1.08298
1.08295
1.08306
1.08304
1.08304
1.08304
1.08311
1.08309
1.08309
1.08314
1.08285
1.08285
1.08289
1.08294
1.08282
1.08287
1.08287
1.08287
1.08283
1.08283
1.08283
1.08285
1.0828
1.0828
1.0828
1.0828
1.08272
1.08273
1.08273
1.08273
1.08269
1.08269
1.08269
1.08268
1.08276
1.08275
1.08275
1.08277
1.08271
1.08271
1.08271
1.08268
1.08271
1.08271
1.08271
1.08268
1.08278
1.08278
1.08278
1.08278
1.08275
1.08277
1.08277
1.08277
1.08281
1.08281
1.08281
1.08281
1.08297
1.08297
1.08295
1.08287
1.08298
1.08298
1.08298
1.08302
1.08297
1.08298
1.08291
1.08291
1.08298
1.08297
1.08296
1.08296
1.08299
1.08299
1.08299
1.083
1.08294
1.08297
1.08297
1.08294
1.08298
1.08298
1.08298
1.08297
1.08309
1.08301
1.08301
1.08303
1.08295
1.08295
1.08298
1.08301
1.08294
1.08297
1.08295
1.0829
1.08297
1.08295
1.08295
1.08294
1.08296
1.08295
1.08295
1.08294
1.08295
1.08295
1.08293
1.08293
1.0829
1.08291
1.0829
1.08289
1.08295
1.08294
1.08294
1.08295
1.08291
1.08294
1.08294
1.08291
1.08297
1.08295
1.08295
1.08297
1.08292
1.08293
1.08293
1.08294
1.08285
1.08285
1.08283
1.08284
1.08269
1.08272
1.08272
1.08272
1.08276
1.08276
1.08276
1.08276
1.08259
1.08259
1.08259
1.08257
1.08268
1.08263
1.08263
1.08258
1.08265
1.08264
1.08264
1.08265
1.0826
1.08262
1.08262
1.08262
1.0827
1.08269
1.0827
1.08268
1.08277
1.08276
1.08276
1.08276
1.08269
1.0827
1.0827
1.0827
1.08272
1.08272
1.08272
1.08272
1.08268
1.08272
1.08272
1.08269
1.0828
1.08277
1.08277
1.08278
1.08266
1.08269
1.08265
1.08265
1.08277
1.08272
1.08272
1.08272
1.0827
1.08271
1.08271
1.08275
1.08267
1.0827
1.0827
1.0827
1.0826
1.08269
1.0827
1.0827
1.08266
1.08269
1.08269
1.08269
1.08266
1.08268
1.08268
1.08261
1.08268
1.08268
1.08268
1.08268
1.08271
1.08269
1.08269
1.08269
1.08275
1.08271
1.08271
1.08271
1.08271
1.08279
1.08277
1.08277
1.08277
1.0828
1.0828
1.0828
1.0828
1.08281
1.08278
1.08279
1.08279
1.08279
1.08283
1.08282
1.08282
1.08279
1.08287
1.08287
1.08287
1.08289
1.08286
1.08287
1.08287
1.08289
1.08285
1.08285
1.08285
1.08283
1.08287
1.08286
1.08286
1.08286
1.0829
1.08288
1.08288
1.08288
1.08285
1.08288
1.08288
1.08288
1.08286
1.08287
1.08287
1.08287
1.0828
1.08281
1.08281
1.08281
1.08275
1.08276
1.08276
1.08276
1.08283
1.0828
1.0828
1.0828
1.08264
1.08265
1.08265
1.08266
1.08253
1.08255
1.08255
1.08255
1.08257
1.08256
1.08256
1.08256
1.08245
1.0825
1.0825
1.0825
1.0825
1.0826
1.08251
1.08251
1.08251
1.08247
1.08247
1.08247
1.08245
1.08253
1.0825
1.0825
1.08249
1.08254
1.08252
1.08252
1.08253
1.08238
1.0824
1.0824
1.0824
1.08254
1.08252
1.08252
1.0825
1.08254
1.08254
1.08254
1.08254
1.08251
1.08251
1.08251
1.08249
1.08257
1.08256
1.08256
1.08256
1.08261
1.08261
1.08261
1.08261
1.08259
1.08261
1.08261
1.08261
1.08264
1.08264
1.08264
1.08272
1.08263
1.08264
1.08264
1.08264
1.0826
1.08264
1.08264
1.08264
1.0824
1.0824
1.0824
1.08242
1.08235
1.08235
1.08235
1.08235
1.08244
1.08237
1.08238
1.0824
1.08214
1.08214
1.08214
1.08219
1.08181
1.08181
1.08181
1.08179
1.08191
1.08186
1.08186
1.08186
1.08194
1.0819
1.0819
1.08194
1.08185
1.08188
1.08188
1.08188
1.08211
1.08211
1.08211
1.08208
1.08218
1.08218
1.08221
1.08221
1.08246
1.0824
1.0824
1.0824
1.0822
1.0822
1.0822
1.0822
1.08228
1.08228
1.08228
1.08228
1.08261
1.0826
1.0826
1.08264
1.0824
1.08242
1.08241
1.08241
1.08236
1.08239
1.08239
1.08239
1.08224
1.0823
1.0823
1.0823
1.08248
1.08242
1.08242
1.08246
1.08236
1.08238
1.08239
1.08239
1.08247
1.08244
1.08241
1.08247
1.08235
1.08241
1.08241
1.08241
1.08239
1.0824
1.0824
1.08237
1.0824
1.0824
1.0824
1.0824
1.08252
1.0825
1.0825
1.0825
1.08268
1.08265
1.08265
1.0827
1.08258
1.08258
1.08258
1.08258
1.08247
1.08248
1.08249
1.08246
1.08265
1.08264
1.08265
1.08265
1.08276
1.08268
1.08268
1.0827
1.08266
1.08266
1.08266
1.08267
1.08259
1.08259
1.08259
1.0826
1.08248
1.08253
1.08253
1.08256
1.08244
1.08247
1.08247
1.08247
1.08249
1.08248
1.08248
1.08249
1.08246
1.08247
1.08248
1.08246
1.0825
1.08249
1.08249
1.08249
1.08232
1.08237
1.08237
1.08237
1.08242
1.0824
1.0824
1.08246
1.08237
1.08239
1.08239
1.08239
1.08241
1.0824
1.0824
1.08241
1.08236
1.08237
1.08237
1.08237
1.08232
1.08236
1.08236
1.08235
1.08237
1.08236
1.08236
1.08236
1.08248
1.08246
1.08246
1.08243
1.08248
1.08247
1.08247
1.08248
1.08243
1.08244
1.08244
1.08244
1.08249
1.08249
1.0825
1.08249
1.08272
1.08271
1.08271
1.08271
1.08291
1.08279
1.08279
1.08279
1.08266
1.08267
1.08268
1.08268
1.0826
1.08262
1.08262
1.08262
1.08279
1.08278
1.08278
1.08276
1.0829
1.08288
1.08288
1.08284
1.083
1.08297
1.08297
1.08294
1.08302
1.08299
1.08299
1.08295
1.0831
1.08305
1.08305
1.08304
1.08326
1.08326
1.08326
1.08327
1.08313
1.08319
1.08319
1.08309
1.08345
1.08342
1.08342
1.08342
1.08307
1.08332
1.08332
1.08333
1.08327
1.08327
1.08327
1.08327
1.08314
1.08316
1.08316
1.08317
1.08308
1.08314
1.08312
1.08321
1.08311
1.08311
1.08311
1.08307
1.08335
1.08331
1.08331
1.08332
1.08308
1.08308
1.08308
1.08307
1.08347
1.08346
1.08346
1.08346
1.08374
1.08356
1.08356
1.08358
1.0834
1.0834
1.0834
1.08341
1.08334
1.08338
1.08338
1.08331
1.08341
1.08341
1.08341
1.0834
1.08376
1.08369
1.08369
1.08374
1.08352
1.08356
1.08356
1.08356
1.08362
1.08359
1.08359
1.08359
1.08334
1.08336
1.08336
1.08336
1.08367
1.08354
1.08353
1.08348
1.08366
1.08366
1.08366
1.08367
1.08357
1.08359
1.0836
1.08357
1.0838
1.08371
1.08371
1.08373
1.08342
1.08342
1.08342
1.08323
1.08347
1.08344
1.08344
1.08357
1.08338
1.08344
1.08345
1.08346
1.08283
1.08286
1.08286
1.08284
1.08303
1.08299
1.08299
1.08288
1.08305
1.08305
1.08303
1.08293
1.08311
1.08311
1.08311
1.08314
1.08298
1.08301
1.08301
1.08301
1.08351
1.08351
1.08351
1.0835
1.0836
1.08353
1.08353
1.08352
1.08386
1.08379
1.08379
1.08383
1.08365
1.08368
1.08369
1.08375
1.08357
1.08366
1.08366
1.08366
1.08347
1.08347
1.08347
1.08348
1.08333
1.08345
1.08344
1.08344
1.08326
1.08339
1.08339
1.08339
1.08335
1.08335
1.08335
1.08329
1.08345
1.08342
1.08342
1.08344
1.08309
1.08309
1.08309
1.08321
1.08304
1.08304
1.08303
1.08311
1.08264
1.08265
1.08265
1.08258
1.08267
1.08266
1.08264
1.08267
1.08257
1.08258
1.08258
1.08246
1.08277
1.08275
1.08274
1.08257
1.08276
1.08276
1.08276
1.0827
1.08297
1.08295
1.08295
1.08287
1.08311
1.08311
1.08311
1.08311
1.08297
1.08297
1.08297
1.08304
1.08284
1.08291
1.08291
1.08306
1.08277
1.08277
1.08278
1.08277
1.08301
1.08294
1.08294
1.08294
1.08279
1.0828
1.08279
1.08279
1.08218
1.08235
1.08236
1.08226
1.0825
1.08239
1.08239
1.08225
1.08248
1.08241
1.08241
1.08249
1.0823
1.08235
1.08235
1.08235
1.08251
1.08247
1.08247
1.08246
1.08263
1.08261
1.08261
1.08259
1.08275
1.08269
1.08269
1.08267
1.08279
1.08279
1.08279
1.08271
1.0828
1.0828
1.08278
1.08278
1.08249
1.08254
1.08252
1.08253
1.08239
1.0824
1.0824
1.0824
1.08255
1.08244
1.08248
1.08243
1.08255
1.08249
1.08249
1.08255
1.08243
1.08244
1.08244
1.08243
1.08247
1.08247
1.08247
1.08244
1.08277
1.08274
1.08275
1.0827
1.08284
1.08278
1.08278
1.0828
1.08255
1.08256
1.08256
1.08253
1.08265
1.08264
1.08264
1.08264
1.08276
1.08267
1.08267
1.08267
1.08282
1.08281
1.08281
1.08281
1.08263
1.08264
1.08264
1.08265
1.08255
1.08256
1.08256
1.08256
1.08269
1.08267
1.08267
1.08269
1.08252
1.08264
1.08264
1.08265
1.08253
1.0826
1.0826
1.08256
1.08269
1.08269
1.08269
1.0827
1.08262
1.08265
1.08265
1.08266
1.08247
1.08248
1.08248
1.08248
1.08255
1.0825
1.0825
1.08249
1.08257
1.08253
1.08253
1.08255
1.08248
1.08252
1.08252
1.08252
1.08248
1.08249
1.08249
1.08249
1.08238
1.08245
1.08244
1.08243
1.08246
1.08244
1.08244
1.08244
1.08262
1.0826
1.0826
1.08261
1.08245
1.08246
1.08245
1.08238
1.0825
1.08247
1.08247
1.08249
1.08237
1.08238
1.08237
1.08237
1.0825
1.08249
1.08249
1.08249
1.08238
1.08238
1.08238
1.08239
1.0823
1.08237
1.08237
1.08237
1.08207
1.08221
1.08224
1.08229
1.08204
1.08208
1.08208
1.082
1.08215
1.0821
1.0821
1.0821
1.08194
1.08195
1.08194
1.08194
1.08213
1.08204
1.08204
1.08199
1.08209
1.08205
1.08205
1.08202
1.08209
1.08209
1.08209
1.08212
1.08199
1.08209
1.08209
1.08214
1.08201
1.08203
1.08203
1.08202
1.08216
1.08206
1.08206
1.08207
1.08158
1.08167
1.08167
1.08158
1.08172
1.08172
1.0817
1.0817
1.08165
1.08165
1.08165
1.08165
1.08176
1.08175
1.08175
1.08177
1.0817
1.08172
1.08172
1.08172
1.08159
1.08161
1.08161
1.08175
1.08156
1.0816
1.08161
1.08163
1.0815
1.08159
1.08159
1.08155
1.08163
1.08161
1.08161
1.0816
1.08166
1.08164
1.08164
1.0816
1.08178
1.08176
1.08176
1.08177
1.0817
1.08175
1.08175
1.08171
1.08179
1.08177
1.08177
1.08177
1.08168
1.08175
1.08175
1.08173
1.0818
1.08175
1.08175
1.08171
1.08176
1.08176
1.08176
1.08182
1.08172
1.08176
1.08176
1.08177
1.08173
1.08173
1.08173
1.08177
1.08164
1.08164
1.08164
1.0816
1.08169
1.08169
1.08169
1.08169
1.08177
1.08175
1.08175
1.08173
1.08191
1.0819
1.0819
1.08182
1.08195
1.08192
1.08192
1.08181
1.08193
1.08193
1.08193
1.08194
1.08185
1.08185
1.08186
1.08186
1.08174
1.08176
1.08175
1.08177
1.0816
1.08164
1.08164
1.08161
1.08166
1.08165
1.08165
1.08165
1.0816
1.08164
1.08163
1.08159
1.08169
1.08169
1.08169
1.08169
1.08184
1.08182
1.08182
1.08182
1.0817
1.0817
1.0817
1.0817
1.0816
1.08164
1.08164
1.08164
1.0816
1.08161
1.08161
1.08164
1.0816
1.0816
1.0816
1.08161
1.08149
1.0815
1.0815
1.08148
1.08155
1.08152
1.08152
1.08154
1.08149
1.08151
1.0815
1.0815
1.08154
1.08153
1.08153
1.08154
1.0815
1.08153
1.08153
1.08154
1.08151
1.08153
1.08153
1.08153
1.08158
1.08158
1.0816
1.0816
1.08167
1.08161
1.08161
1.08161
1.0815
1.08154
1.08154
1.08151
1.08162
1.08162
1.08162
1.0816
1.08194
1.08192
1.08192
1.08192
1.08198
1.08196
1.08196
1.08196
1.08191
1.08192
1.08192
1.08189
1.08202
1.08201
1.08201
1.08201
1.08188
1.0819
1.08189
1.0819
1.0818
1.08185
1.08185
1.08183
1.08191
1.08189
1.08189
1.08196
1.08184
1.08184
1.08184
1.08186
1.08181
1.08181
1.08181
1.08185
1.08179
1.0818
1.0818
1.08179
1.08187
1.08186
1.08186
1.08186
1.08182
1.08182
1.08182
1.08181
1.08186
1.08186
1.08186
1.08182
1.08194
1.08194
1.08194
1.08195
1.0819
1.0819
1.0819
1.0819
1.08194
1.08192
1.08192
1.08182
1.08193
1.08193
1.08193
1.08193
1.08188
1.08193
1.08193
1.08198
1.08188
1.08193
1.08193
1.08193
1.08173
1.08173
1.08173
1.08171
1.08177
1.08173
1.08173
1.08176
1.08169
1.08169
1.08169
1.08169
1.08177
1.08175
1.08175
1.08175
1.08172
1.08173
1.08173
1.08172
1.08175
1.08173
1.08173
1.08173
1.08165
1.08167
1.08167
1.08165
1.08177
1.08177
1.08177
1.08176
1.08179
1.08179
1.08179
1.08179
1.082
1.08197
1.08197
1.08198
1.08191
1.08196
1.08196
1.08196
1.08203
1.08199
1.08199
1.08198
1.08211
1.08201
1.08201
1.08206
1.08192
1.08193
1.08193
1.08193
1.08191
1.08191
1.08191
1.08191
1.08194
1.08194
1.08194
1.08197
1.08188
1.08191
1.08191
1.08191
1.08193
1.08193
1.08193
1.08193
1.08201
1.08195
1.08195
1.08195
1.08203
1.08201
1.08201
1.08201
1.08193
1.08199
1.08199
1.08199
1.08206
1.08202
1.08202
1.08202
1.08199
1.08199
1.08199
1.08199
1.08201
1.082
1.082
1.08202
1.082
1.082
1.082
1.08198
1.08202
1.08201
1.08201
1.08201
1.08211
1.0821
1.0821
1.0821
1.08218
1.08215
1.08215
1.08215
1.0823
1.08229
1.08229
1.08229
1.08217
1.08217
1.08217
1.08217
1.0823
1.08229
1.08229
1.0823
1.08223
1.08225
1.08226
1.08223
1.08233
1.08233
1.08233
1.08234
1.08232
1.08233
1.08233
1.08231
1.0824
1.0824
1.0824
1.08241
1.08237
1.08238
1.08238
1.08238
1.08232
1.08232
1.08232
1.08232
1.08229
1.08229
1.08229
1.0823
1.08218
1.0822
1.0822
1.08222
1.08216
1.08216
1.08216
1.08215
1.08236
1.08228
1.08228
1.08228
1.08239
1.08238
1.08238
1.0824
1.08233
1.08233
1.08233
1.08233
1.08216
1.08217
1.08217
1.08217
1.08203
1.08206
1.08206
1.08206
1.08213
1.0821
1.0821
1.0821
1.08234
1.08229
1.08229
1.08231
1.08222
1.08222
1.08222
1.08217
1.08228
1.08225
1.08225
1.08226
1.08213
1.08217
1.08217
1.08215
1.08222
1.08219
1.08219
1.08216
1.08228
1.0822
1.0822
1.08219
1.08243
1.08238
1.08238
1.08238
1.08246
1.08245
1.08244
1.08247
1.08233
1.08236
1.08236
1.08234
1.0824
1.08236
1.08236
1.08234
1.0824
1.08238
1.08238
1.08237
1.08248
1.08245
1.08245
1.08243
1.0825
1.08247
1.08247
1.08248
1.0824
1.08241
1.08241
1.08241
1.08235
1.08238
1.08238
1.08237
1.08252
1.08252
1.08252
1.08258
1.08241
1.08245
1.08244
1.08243
1.08258
1.08246
1.08246
1.08241
1.08248
1.08248
1.08248
1.08254
1.08246
1.08247
1.08247
1.08246
1.08248
1.08248
1.08248
1.08248
1.08246
1.08247
1.08247
1.08247
1.08248
1.08247
1.08247
1.08247
1.08248
1.08248
1.08248
1.08248
1.08247
1.08248
1.08248
1.08248
1.08235
1.08235
1.08235
1.0823
1.08242
1.08242
1.08242
1.08242
1.08228
1.08228
1.08228
1.08232
1.08215
1.08224
1.08224
1.08216
1.08227
1.08224
1.08224
1.08224
1.08215
1.08215
1.08215
1.08215
1.08216
1.08215
1.08216
1.08214
1.08224
1.08224
1.08224
1.08224
1.08214
1.08215
1.08215
1.08217
1.08209
1.08214
1.08214
1.08216
1.08209
1.0821
1.0821
1.08208
1.08216
1.0821
1.0821
1.0821
1.08216
1.08214
1.08214
1.08214
1.08217
1.08217
1.08217
1.08215
1.08226
1.08226
1.08225
1.08226
1.0822
1.08221
1.08221
1.08221
1.08225
1.08222
1.08222
1.08223
1.08215
1.08216
1.08216
1.08216
1.08228
1.08224
1.08224
1.0823
1.08221
1.08222
1.08224
1.08222
1.0823
1.08229
1.08229
1.08226
1.08247
1.08244
1.08243
1.08242
1.08262
1.08257
1.08257
1.08253
1.08268
1.08267
1.08267
1.08266
1.08299
1.08277
1.08278
1.08275
1.08282
1.08279
1.08279
1.08279
1.08241
1.08246
1.08246
1.08245
1.08256
1.08255
1.08255
1.08258
1.08243
1.08246
1.08246
1.08246
1.08268
1.08264
1.08264
1.08264
1.08289
1.08288
1.08288
1.08278
1.08292
1.08292
1.08292
1.0829
1.08309
1.08304
1.08304
1.08301
1.08308
1.08307
1.08307
1.08307
1.0829
1.08291
1.0829
1.0829
1.083
1.08296
1.08296
1.08322
1.08294
1.08294
1.08294
1.08281
1.08309
1.08307
1.08307
1.08308
1.08296
1.08297
1.08297
1.08298
1.08289
1.0829
1.0829
1.08274
1.08291
1.0829
1.0829
1.0829
1.08322
1.0831
1.0831
1.0831
1.08308
1.08309
1.08309
1.0831
1.08294
1.08301
1.08301
1.08296
1.08309
1.08304
1.08303
1.08303
1.08327
1.08321
1.08321
1.08324
1.083
1.083
1.083
1.083
1.08312
1.08309
1.08309
1.08314
1.08302
1.08302
1.08302
1.083
1.08309
1.08308
1.08309
1.08306
1.08316
1.08316
1.08316
1.08317
1.08311
1.08313
1.08313
1.08313
1.08316
1.08315
1.08315
1.08316
1.08299
1.08303
1.08303
1.083
1.08315
1.08315
1.08315
1.08313
1.0832
1.08316
1.08316
1.08315
1.08329
1.08327
1.08328
1.08328
1.08345
1.08335
1.08337
1.08339
1.08329
1.08333
1.08333
1.08329
1.08336
1.08335
1.08335
1.0834
1.0832
1.0832
1.08319
1.08314
1.08323
1.0832
1.0832
1.08322
1.0831
1.08311
1.08311
1.08312
1.08309
1.0831
1.0831
1.08308
1.08315
1.0831
1.0831
1.08313
1.08306
1.08309
1.08309
1.08309
1.08286
1.08292
1.08292
1.08291
1.08301
1.08301
1.08301
1.08301
1.08299
1.08301
1.08301
1.083
1.08323
1.08321
1.08321
1.08321
1.08303
1.08306
1.08304
1.08308
1.08303
1.08303
1.08303
1.08303
1.08288
1.08291
1.08291
1.08291
1.08285
1.08289
1.08289
1.08285
1.08302
1.08302
1.08302
1.08302
1.08328
1.08328
1.08328
1.08323
1.08331
1.08331
1.08331
1.08336
1.08318
1.08331
1.08331
1.08329
1.08354
1.0835
1.0835
1.08349
1.08362
1.08362
1.08362
1.08366
1.08333
1.08337
1.08337
1.08343
1.08327
1.08329
1.08329
1.08329
1.08331
1.08331
1.08331
1.08331
1.08321
1.08328
1.08328
1.08324
1.08357
1.08353
1.08353
1.08353
1.08333
1.08341
1.08341
1.08336
1.08347
1.08343
1.08343
1.08351
1.08335
1.0834
1.0834
1.0834
1.08333
1.08338
1.08338
1.08338
1.08331
1.08331
1.08331
1.08324
1.08339
1.08336
1.08336
1.08337
1.08305
1.08307
1.08307
1.08317
1.08296
1.08296
1.08296
1.08294
1.08306
1.08303
1.08303
1.08304
1.08302
1.08302
1.08302
1.08303
1.08285
1.08285
1.08285
1.08284
1.08296
1.08287
1.08287
1.08291
1.08267
1.08277
1.08277
1.08277
1.08266
1.08267
1.08267
1.08261
1.08272
1.08272
1.08273
1.08261
1.0828
1.08275
1.08274
1.08274
1.08292
1.08287
1.08287
1.08298
1.0827
1.0827
1.0827
1.08272
1.08247
1.08248
1.08248
1.08246
1.08258
1.08258
1.08257
1.08258
1.08247
1.08253
1.08252
1.08249
1.08257
1.08255
1.08255
1.08249
1.08258
1.08257
1.08258
1.08257
1.08261
1.08261
1.0826
1.08259
1.08282
1.08277
1.08277
1.08277
1.08282
1.08278
1.08278
1.08278
1.08268
1.08269
1.08269
1.08269
1.08257
1.08257
1.08258
1.08258
1.08301
1.08292
1.08292
1.08292
1.08307
1.08302
1.08302
1.08302
1.08297
1.083
1.083
1.08307
1.08297
1.08297
1.08297
1.08296
1.08306
1.08299
1.08299
1.08299
1.08295
1.08297
1.08297
1.08302
1.08291
1.08291
1.08293
1.08293
1.08281
1.08284
1.08284
1.08284
1.08277
1.08277
1.08277
1.08274
1.0828
1.0828
1.0828
1.08274
1.08287
1.08281
1.08281
1.08288
1.08275
1.08276
1.08277
1.08277
1.08245
1.08254
1.08254
1.08248
1.08267
1.08265
1.08265
1.08261
1.08277
1.08274
1.08274
1.08274
1.08264
1.08267
1.08267
1.08264
1.0828
1.0828
1.0828
1.08286
1.08276
1.08279
1.08279
1.08286
1.08256
1.08264
1.08264
1.08264
1.08285
1.08273
1.08273
1.08275
1.08219
1.08242
1.08244
1.08244
1.08209
1.08233
1.08235
1.08235
1.08214
1.08221
1.08222
1.08217
1.08233
1.08228
1.08227
1.08232
1.08207
1.0821
1.0821
1.08216
1.08143
1.08152
1.0815
1.08161
1.08125
1.08126
1.08126
1.08137
1.0811
1.0811
1.0811
1.0812
1.08095
1.08101
1.08101
1.08098
1.08129
1.08124
1.08124
1.08138
1.08116
1.08124
1.08124
1.08117
1.08128
1.08128
1.08128
1.08122
1.08138
1.08133
1.08133
1.08127
1.08153
1.08151
1.08151
1.08152
1.08138
1.0814
1.0814
1.08141
1.08127
1.08127
1.08127
1.08129
1.08106
1.08106
1.08106
1.08109
1.08099
1.08099
1.08102
1.08102
1.08071
1.08074
1.08074
1.08079
1.08067
1.08067
1.08067
1.08056
1.08079
1.08076
1.08077
1.08077
1.08057
1.08062
1.08062
1.0807
1.0804
1.08057
1.08057
1.08061
1.08053
1.08055
1.08056
1.08056
1.08077
1.08072
1.08072
1.08097
1.08067
1.08069
1.08069
1.08071
1.08054
1.08064
1.08064
1.08049
1.08085
1.08074
1.08074
1.08074
1.08051
1.08056
1.08056
1.08052
1.08069
1.08066
1.08065
1.08064
1.08092
1.08073
1.08072
1.08056
1.08079
1.08079
1.08081
1.08089
1.08065
1.08076
1.08076
1.08076
1.08109
1.08104
1.08104
1.08107
1.08087
1.08097
1.08097
1.08088
1.08107
1.08104
1.08104
1.08098
1.08117
1.08116
1.08116
1.0812
1.08105
1.08105
1.08105
1.08107
1.08093
1.08094
1.08094
1.08093
1.08129
1.08126
1.08126
1.08126
1.0808
1.0808
1.0808
1.08091
1.08072
1.08075
1.08075
1.08078
1.08062
1.08067
1.08067
1.08061
1.08095
1.0809
1.0809
1.08085
1.08096
1.08095
1.08096
1.08097
1.08077
1.08088
1.08088
1.08085
1.0811
1.08108
1.08108
1.08107
1.08127
1.08122
1.08122
1.08126
1.08106
1.08106
1.08106
1.08103
1.08113
1.08106
1.08106
1.08116
1.08093
1.08094
1.08094
1.08103
1.08079
1.08084
1.08084
1.08072
1.08107
1.08106
1.08105
1.08107
1.08085
1.081
1.08101
1.08101
1.08128
1.08127
1.08128
1.08119
1.08171
1.08165
1.08165
1.0815
1.08171
1.0817
1.08169
1.08178
1.08107
1.08108
1.08108
1.08106
1.08127
1.08126
1.08125
1.08112
1.08132
1.08132
1.08132
1.08128
1.08145
1.08137
1.08137
1.08137
1.08156
1.08149
1.08149
1.08134
1.08177
1.08174
1.08174
1.08178
1.08163
1.08166
1.08166
1.08166
1.08148
1.08154
1.08162
1.08156
1.08184
1.08164
1.08163
1.08164
1.08143
1.08148
1.08148
1.08153
1.08113
1.08114
1.08114
1.08125
1.08104
1.08106
1.08105
1.08111
1.08091
1.08099
1.08099
1.08079
1.08106
1.08105
1.08103
1.08109
1.08075
1.08076
1.08076
1.08072
1.08088
1.08087
1.08087
1.08077
1.08098
1.08088
1.08088
1.0809
1.08075
1.08087
1.08087
1.08085
1.08107
1.08087
1.08087
1.08077
1.08095
1.08094
1.08095
1.081
1.08074
1.08086
1.08088
1.08088
1.08112
1.08107
1.08107
1.08119
1.08087
1.08091
1.08089
1.08104
1.08083
1.08087
1.08087
1.08088
1.08043
1.08054
1.08055
1.0805
1.08073
1.08056
1.08057
1.08038
1.08068
1.08061
1.08061
1.08067
1.08049
1.08058
1.08058
1.08058
1.08034
1.08039
1.08037
1.08036
1.08065
1.08055
1.08055
1.08049
1.08059
1.08057
1.08057
1.08049
1.0809
1.08085
1.08087
1.08104
1.0807
1.08076
1.08076
1.0807
1.08103
1.08089
1.08089
1.08089
1.08065
1.0807
1.08066
1.08072
1.0805
1.08052
1.08053
1.08058
1.08042
1.0805
1.0805
1.08072
1.08034
1.08035
1.08035
1.08044
1.08007
1.08012
1.08012
1.08016
1.08
1.08003
1.08005
1.08
1.08029
1.08027
1.08026
1.08035
1.08019
1.08025
1.08026
1.08031
1.08014
1.08016
1.08016
1.08017
1.08
1.08005
1.08003
1.0801
1.07949
1.07951
1.07952
1.07966
1.07924
1.07935
1.07935
1.07938
1.0792
1.07933
1.07933
1.07949
1.07919
1.07926
1.07926
1.07931
1.079
1.07909
1.0791
1.07921
1.07878
1.07883
1.07885
1.07893
1.07856
1.07874
1.07874
1.07887
1.07863
1.07865
1.07865
1.07852
1.07875
1.07872
1.07871
1.07858
1.07891
1.07888
1.07887
1.07881
1.07896
1.07895
1.07895
1.07895
1.07946
1.07936
1.07936
1.07942
1.07925
1.07925
1.07928
1.07935
1.07905
1.07927
1.07927
1.07925
1.07984
1.07968
1.07968
1.07966
1.07986
1.07973
1.07973
1.07973
1.07945
1.07957
1.07955
1.07954
1.07984
1.07975
1.07974
1.07976
1.0793
1.07931
1.07931
1.07929
1.07965
1.07957
1.07957
1.0796
1.07945
1.07946
1.07946
1.07946
1.07913
1.07916
1.07916
1.07894
1.07921
1.07917
1.07917
1.07913
1.07937
1.07928
1.07928
1.07937
1.07881
1.07881
1.07878
1.07881
1.0786
1.07866
1.07866
1.07855
1.07878
1.07866
1.07865
1.07876
1.07855
1.07859
1.0786
1.0786
1.07828
1.07842
1.07843
1.07839
1.07862
1.07855
1.07855
1.0786
1.07837
1.0785
1.0785
1.07846
1.07874
1.0787
1.0787
1.07868
1.07885
1.0788
1.0788
1.0787
1.07915
1.07899
1.07899
1.0791
1.07886
1.07886
1.07886
1.07886
1.07863
1.07868
1.07868
1.07876
1.07845
1.0785
1.0785
1.07845
1.07874
1.07871
1.07871
1.0787
1.07879
1.07874
1.07874
1.0788
1.07868
1.07868
1.07868
1.07858
1.07897
1.07896
1.07895
1.07899
1.07867
1.07874
1.07873
1.07867
1.07896
1.07886
1.07887
1.07859
1.07895
1.07894
1.07892
1.07899
1.07869
1.07874
1.07874
1.07888
1.07863
1.07864
1.07864
1.07868
1.07838
1.07844
1.07845
1.0784
1.07864
1.0785
1.07853
1.07857
1.07823
1.07823
1.07823
1.07838
1.07816
1.07818
1.07818
1.07818
1.07738
1.0775
1.0775
1.07757
1.07723
1.07743
1.07742
1.0775
1.07729
1.07741
1.07741
1.07741
1.0776
1.07749
1.07748
1.07738
1.0779
1.0779
1.0779
1.07786
1.07802
1.07795
1.07797
1.07808
1.07766
1.07775
1.07775
1.07762
1.07785
1.07782
1.07782
1.07793
1.07766
1.07766
1.07766
1.07767
1.07747
1.07758
1.07758
1.07758
1.07727
1.07739
1.07739
1.07728
1.07755
1.07755
1.07755
1.07748
1.07768
1.07767
1.07767
1.07783
1.07759
1.0776
1.0776
1.0776
1.0779
1.07781
1.07781
1.07786
1.07769
1.07771
1.07771
1.07771
1.0781
1.07798
1.07798
1.07809
1.07795
1.07798
1.07796
1.07799
1.07784
1.07784
1.07784
1.07784
1.07728
1.07736
1.07737
1.07752
1.07721
1.07734
1.0774
1.07687
1.0784
1.07808
1.0781
1.07802
1.07834
1.0782
1.0782
1.07811
1.07847
1.07827
1.07827
1.07827
1.07784
1.07784
1.07783
1.07784
1.07672
1.07674
1.07674
1.07664
1.07711
1.07676
1.07677
1.07674
1.07704
1.07682
1.07682
1.07669
1.07702
1.077
1.077
1.07686
1.07718
1.07712
1.07711
1.07716
1.07668
1.07674
1.07675
1.07687
1.07649
1.07664
1.07664
1.07664
1.07684
1.07675
1.07675
1.07662
1.07724
1.07723
1.07723
1.07711
1.07735
1.07728
1.07725
1.07726
1.07706
1.07721
1.07719
1.07709
1.07783
1.07778
1.07778
1.0779
1.07766
1.07771
1.07771
1.07779
1.07745
1.0777
1.0777
1.07775
1.07735
1.07736
1.07736
1.07734
1.07767
1.07766
1.07765
1.07773
1.07731
1.07732
1.0773
1.07729
1.07746
1.07736
1.07736
1.07749
1.07726
1.07729
1.07729
1.07726
1.07747
1.07746
1.07746
1.07739
1.07761
1.07754
1.07755
1.07756
1.077
1.077
1.07697
1.07697
1.07738
1.07738
1.07739
1.07759
1.07728
1.07734
1.07735
1.07729
1.07747
1.07743
1.07743
1.07748
1.07726
1.07733
1.07729
1.07731
1.07708
1.07716
1.07715
1.07713
1.07735
1.07725
1.07725
1.07725
1.07695
1.07699
1.07699
1.07698
1.07711
1.07709
1.07709
1.07709
1.07689
1.0769
1.07692
1.07683
1.07698
1.07694
1.07695
1.07689
1.07709
1.07697
1.07697
1.07682
1.07708
1.07708
1.07707
1.07694
1.0774
1.0774
1.0774
1.07729
1.07742
1.07742
1.07742
1.07738
1.0775
1.07746
1.07746
1.07746
1.07738
1.07739
1.07739
1.0774
1.07715
1.07715
1.07714
1.07717
1.07695
1.07709
1.07709
1.07708
1.07753
1.07745
1.07743
1.07739
1.07761
1.07751
1.07752
1.07752
1.07771
1.07767
1.07768
1.07775
1.0776
1.07761
1.07762
1.0776
1.07765
1.07762
1.07762
1.07746
1.07774
1.07772
1.07773
1.07771
1.07798
1.07782
1.07782
1.07788
1.07757
1.07758
1.07758
1.07758
1.07772
1.07766
1.07766
1.07766
1.07783
1.07768
1.07768
1.07769
1.07725
1.07725
1.07726
1.07727
1.07689
1.07697
1.07697
1.07693
1.07725
1.0771
1.0771
1.07726
1.07689
1.07695
1.07695
1.07695
1.07717
1.07705
1.07706
1.07717
1.07667
1.0768
1.0768
1.0768
1.07621
1.07622
1.07622
1.07622
1.07671
1.0767
1.0767
1.07667
1.07677
1.07677
1.07677
1.07679
1.0765
1.0765
1.0765
1.07659
1.07612
1.07621
1.07621
1.07621
1.0765
1.07636
1.07636
1.07647
1.07633
1.07635
1.07634
1.07633
1.07651
1.0765
1.0765
1.07664
1.07634
1.07649
1.07649
1.07649
1.0767
1.07669
1.07669
1.07672
1.07651
1.0766
1.0766
1.07657
1.07681
1.07678
1.07678
1.07672
1.07686
1.0768
1.0768
1.07679
1.07687
1.07686
1.07686
1.07686
1.07649
1.07655
1.07656
1.07662
1.07625
1.07632
1.07631
1.0764
1.07613
1.07613
1.07613
1.07608
1.07634
1.07614
1.07614
1.07582
1.07622
1.07622
1.07622
1.07628
1.07604
1.07606
1.07604
1.07611
1.07587
1.07593
1.07593
1.07593
1.07608
1.07603
1.07603
1.07606
1.07591
1.07595
1.07595
1.07595
1.07618
1.07609
1.07606
1.07599
1.07629
1.07626
1.07628
1.07633
1.07619
1.07628
1.07628
1.07627
1.07646
1.07645
1.07645
1.07645
1.07677
1.07674
1.07674
1.07683
1.07656
1.07657
1.07657
1.07662
1.07648
1.07654
1.07653
1.07645
1.07667
1.07656
1.07655
1.07655
1.07625
1.07626
1.07626
1.07618
1.07639
1.07634
1.07634
1.07635
1.07621
1.07625
1.07625
1.07626
1.07595
1.07596
1.07596
1.07599
1.07583
1.07583
1.07583
1.07579
1.07595
1.07584
1.07584
1.07586
1.07561
1.07567
1.07567
1.07567
1.07585
1.07578
1.07578
1.07584
1.07568
1.07574
1.07574
1.07574
1.07586
1.07584
1.07583
1.07583
1.07609
1.07608
1.07608
1.07612
1.07577
1.07577
1.07579
1.0759
1.07562
1.07566
1.07567
1.07573
1.0756
1.0756
1.0756
1.07564
1.07549
1.0755
1.0755
1.07541
1.07557
1.0755
1.0755
1.07557
1.07539
1.07541
1.0754
1.0755
1.07534
1.07535
1.07535
1.07534
1.07555
1.07536
1.07537
1.07544
1.07528
1.0753
1.0753
1.07522
1.07551
1.07549
1.07549
1.07545
1.0756
1.0756
1.07559
1.0756
1.07546
1.07558
1.07559
1.07561
1.07544
1.07546
1.07546
1.07531
1.0756
1.0756
1.07558
1.07563
1.07549
1.07552
1.07552
1.07552
1.0752
1.07521
1.07521
1.07521
1.07538
1.07537
1.07537
1.0753
1.07563
1.07559
1.0756
1.07559
1.076
1.07592
1.07592
1.07592
1.07575
1.07585
1.07585
1.07584
1.07634
1.0763
1.07631
1.07647
1.07606
1.07613
1.07613
1.07627
1.07608
1.0761
1.07611
1.07601
1.07628
1.0762
1.07621
1.07626
1.07595
1.076
1.07602
1.0761
1.07585
1.07595
1.07594
1.07594
1.07619
1.07615
1.07615
1.07626
1.07594
1.07596
1.07595
1.07579
1.0763
1.07626
1.07626
1.07627
1.07593
1.07599
1.07599
1.0762
1.07588
1.07591
1.0759
1.07588
1.07629
1.07618
1.0762
1.07624
1.07599
1.07603
1.07603
1.07603
1.07627
1.07627
1.07627
1.07633
1.07621
1.07626
1.07626
1.07628
1.07616
1.07618
1.07621
1.07626
1.07595
1.07601
1.07601
1.07601
1.07574
1.07575
1.07576
1.07583
1.07558
1.07565
1.07565
1.07572
1.07545
1.07545
1.07545
1.07535
1.07559
1.07545
1.07545
1.07541
1.07569
1.07566
1.07566
1.07566
1.07536
1.07547
1.0755
1.07548
1.07572
1.07568
1.07568
1.07568
1.07532
1.07545
1.07545
1.07541
1.07568
1.07555
1.07556
1.07545
1.07568
1.07567
1.07567
1.07567
1.07541
1.07546
1.07546
1.07546
1.07561
1.07557
1.07557
1.07555
1.07578
1.07576
1.07576
1.07581
1.07567
1.07575
1.07575
1.07575
1.07545
1.07546
1.07546
1.07546
1.07567
1.07555
1.07554
1.07553
1.0756
1.07555
1.07555
1.07551
1.07565
1.07559
1.07559
1.07559
1.07528
1.07531
1.07532
1.07526
1.07538
1.07535
1.07534
1.07538
1.07528
1.07529
1.0753
1.07527
1.07546
1.07536
1.07536
1.07543
1.07526
1.07526
1.07526
1.07526
1.07544
1.07544
1.07544
1.07544
1.07557
1.07556
1.07556
1.07556
1.07549
1.07555
1.07555
1.07557
1.07531
1.07531
1.07531
1.07533
1.07526
1.07528
1.07528
1.07526
1.07541
1.07535
1.07535
1.07539
1.07516
1.07524
1.07524
1.07514
1.07531
1.07526
1.07525
1.0752
1.07548
1.07548
1.07548
1.07552
1.07536
1.07546
1.07547
1.07555
1.07539
1.0754
1.07541
1.0754
1.07555
1.07551
1.07552
1.07555
1.07538
1.07547
1.07547
1.07544
1.0755
1.07547
1.07547
1.07559
1.07522
1.07527
1.07527
1.07527
1.07499
1.07511
1.07512
1.07532
1.07506
1.07506
1.07507
1.07507
1.07521
1.07514
1.07514
1.075
1.07525
1.07516
1.07516
1.0752
1.07503
1.07503
1.07503
1.07495
1.07528
1.07507
1.07507
1.07516
1.07496
1.07507
1.07507
1.075
1.07517
1.0751
1.07511
1.07508
1.0752
1.07519
1.07519
1.07513
1.07528
1.07524
1.07521
1.07529
1.07515
1.07516
1.07516
1.0752
1.07506
1.07506
1.07505
1.07505
1.07468
1.0747
1.07469
1.0748
1.07457
1.07464
1.07465
1.07465
1.07486
1.0748
1.0748
1.07482
1.07468
1.0747
1.0747
1.07466
1.07485
1.07479
1.07479
1.07484
1.07426
1.0745
1.07452
1.07465
1.07423
1.07444
1.07443
1.07452
1.07427
1.07433
1.07433
1.07433
1.07409
1.07411
1.07411
1.07406
1.07429
1.0742
1.07421
1.07436
1.07404
1.07413
1.07414
1.07402
1.07419
1.07416
1.07418
1.074
1.07427
1.07427
1.07428
1.07428
1.07388
1.07418
1.07417
1.07414
1.07452
1.0744
1.0744
1.07435
1.07469
1.07459
1.0746
1.07459
1.07481
1.07471
1.07471
1.07467
1.07526
1.0751
1.07506
1.07494
1.07522
1.07516
1.07516
1.07518
1.07489
1.07497
1.07497
1.07489
1.07504
1.075
1.075
1.07498
1.07519
1.07507
1.07507
1.07521
1.07499
1.07503
1.07503
1.0749
1.07514
1.07513
1.07513
1.07513
1.07501
1.07511
1.0751
1.07511
1.07483
1.07487
1.07487
1.07496
1.07468
1.07474
1.07474
1.07471
1.07487
1.07481
1.07482
1.07491
1.0748
1.07482
1.07482
1.07478
1.07489
1.07485
1.07488
1.07482
1.0752
1.07518
1.07518
1.07518
1.07504
1.07508
1.0751
1.07509
1.07523
1.07512
1.07512
1.07512
1.0753
1.07528
1.07529
1.07534
1.07522
1.07529
1.07529
1.07528
1.07544
1.07537
1.07537
1.07549
1.07528
1.07531
1.07531
1.07531
1.07513
1.07515
1.07515
1.07514
1.07528
1.0752
1.0752
1.0752
1.07552
1.07551
1.07551
1.07546
1.07561
1.07558
1.07558
1.07561
1.07534
1.07543
1.07543
1.07564
1.07515
1.0752
1.0752
1.07527
1.07476
1.07479
1.07479
1.07475
1.07507
1.07503
1.07501
1.07504
1.07497
1.075
1.07499
1.07501
1.07465
1.07465
1.07465
1.07465
1.07481
1.07479
1.07479
1.07485
1.07467
1.0747
1.0747
1.0747
1.07426
1.07437
1.07438
1.07452
1.07419
1.0742
1.07421
1.07432
1.07381
1.07388
1.07389
1.07389
1.07415
1.07398
1.07395
1.07394
1.0741
1.07409
1.07408
1.07411
1.07392
1.07397
1.07397
1.07394
1.07401
1.07399
1.07399
1.07397
1.07421
1.07409
1.07409
1.07403
1.07428
1.07413
1.07413
1.07416
1.07404
1.07407
1.07408
1.07402
1.07414
1.0741
1.0741
1.07417
1.07402
1.07403
1.07407
1.07406
1.07447
1.07442
1.07439
1.07453
1.07417
1.07422
1.07422
1.0742
1.07438
1.07435
1.07435
1.07427
1.0744
1.07437
1.07437
1.07433
1.07454
1.0745
1.0745
1.0745
1.07473
1.07473
1.07472
1.07473
1.07462
1.07467
1.07466
1.07464
1.07485
1.07477
1.07477
1.0747
1.07503
1.07499
1.07499
1.07498
1.0754
1.07539
1.07539
1.07532
1.07558
1.07549
1.07548
1.07543
1.07553
1.07549
1.07549
1.07549
1.07572
1.07563
1.07563
1.07567
1.07546
1.0755
1.0755
1.07557
1.07518
1.07526
1.07526
1.07528
1.07514
1.07522
1.07522
1.07525
1.07487
1.07487
1.07487
1.07485
1.07508
1.07508
1.07508
1.07517
1.07501
1.07505
1.07507
1.07518
1.07494
1.07505
1.07505
1.07504
1.07536
1.07518
1.07519
1.07525
1.07469
1.07473
1.07473
1.07492
1.07458
1.0746
1.0746
1.07453
1.07496
1.07487
1.07488
1.07488
1.07518
1.0751
1.0751
1.07497
1.07529
1.07529
1.07529
1.07529
1.07504
1.07518
1.07516
1.07494
1.0752
1.07517
1.07517
1.07496
1.07529
1.07522
1.07525
1.07525
1.07503
1.07514
1.07514
1.07519
1.07493
1.07508
1.07506
1.07487
1.07519
1.07512
1.07512
1.07512
1.07469
1.07473
1.07475
1.07482
1.07448
1.07455
1.07455
1.07455
1.075
1.0747
1.07472
1.07447
1.07492
1.07491
1.07487
1.07498
1.07476
1.07483
1.07483
1.07456
1.07497
1.07491
1.07489
1.07496
1.07479
1.07489
1.07489
1.07502
1.07479
1.07484
1.07485
1.07467
1.0749
1.07486
1.07486
1.07489
1.07469
1.07483
1.07483
1.07475
1.07503
1.07491
1.07491
1.07466
1.07498
1.07496
1.07499
1.07484
1.07511
1.07511
1.07505
1.0751
1.07483
1.07496
1.07495
1.07483
1.07509
1.07498
1.07498
1.07503
1.07447
1.07447
1.07448
1.07464
1.0741
1.0741
1.07409
1.07429
1.07388
1.07391
1.0739
1.0739
1.07319
1.07334
1.07334
1.0734
1.07326
1.0733
1.07331
1.07331
1.07351
1.07349
1.07349
1.07349
1.07309
1.07337
1.07337
1.07326
1.07357
1.07356
1.07357
1.0734
1.0737
1.07368
1.07368
1.07371
1.07356
1.07368
1.0737
1.07364
1.07387
1.07384
1.07381
1.07375
1.07384
1.07383
1.07383
1.07377
1.074
1.07398
1.07398
1.07378
1.07411
1.07411
1.07411
1.07423
1.07396
1.07408
1.07411
1.07412
1.07386
1.07408
1.07408
1.07412
1.07398
1.07406
1.07405
1.07427
1.07395
1.07395
1.0739
1.074
1.07367
1.07367
1.07367
1.07372
1.07351
1.0736
1.0736
1.0734
1.07375
1.0737
1.07369
1.07369
1.07346
1.07348
1.07348
1.07355
1.0731
1.07314
1.07314
1.07327
1.07309
1.0731
1.0731
1.0731
1.07341
1.07329
1.07329
1.07332
1.07312
1.07318
1.07318
1.07318
1.07311
1.07312
1.07312
1.07312
1.07271
1.07276
1.07276
1.073
1.07274
1.07275
1.07275
1.07277
1.07253
1.07262
1.07262
1.07267
1.07235
1.07254
1.07254
1.0726
1.0723
1.0725
1.07251
1.07242
1.07263
1.07256
1.07256
1.07264
1.07223
1.0723
1.0723
1.0723
1.0718
1.07193
1.07192
1.07188
1.07223
1.0721
1.0721
1.07212
1.07189
1.07209
1.07209
1.07218
1.07197
1.07205
1.07204
1.07202
1.07222
1.0721
1.0721
1.0721
1.07243
1.07242
1.07242
1.07242
1.07211
1.0722
1.07219
1.07224
1.07187
1.07188
1.07188
1.07188
1.07165
1.07168
1.07169
1.07178
1.07136
1.07143
1.07144
1.07136
1.07158
1.07146
1.07146
1.07153
1.07126
1.07144
1.07144
1.07151
1.07135
1.07142
1.07145
1.07141
1.07151
1.07148
1.07148
1.07149
1.07139
1.07147
1.07147
1.07159
1.0713
1.07131
1.07131
1.07151
1.07106
1.07107
1.07108
1.07106
1.07127
1.07111
1.0711
1.0711
1.07154
1.07145
1.07144
1.0714
1.07161
1.07147
1.07147
1.07151
1.07142
1.07144
1.07145
1.07149
1.07127
1.07141
1.07141
1.07141
1.07173
1.07163
1.07162
1.07161
1.07197
1.07187
1.07187
1.07189
1.0715
1.07152
1.07152
1.07149
1.07185
1.07185